1.0/DEMs/bedrockdem.txt
ncols         262
nrows         205
xllcorner     641625.7215
yllcorner     155080.5477
cellsize      2
NODATA_value  -9999
[rows 0 to 29 of 205, columns 69 to 137 of 262]
3280.947 3281.463 3281.892 3282.195 3282.415 3282.588 3282.756 3282.942 3283.213 3283.717 3284.481 3285.348 3286.491 3287.904 3289.377 3290.717 3292.052 3293.28 3294.322 3295.331 3296.417 3297.462 3298.396 3299.387 3300.366 3301.205 3301.919 3302.199 3302.188 3302.25 3302.386 3302.651 3303.063 3304.072 3305.202 3306.406 3307.983 3309.547 3311.303 3312.665 3313.986 3315.329 3316.536 3317.664 3318.706 3319.512 3320.247 3321.088 3322.052 3322.96 3323.925 3324.807 3325.781 3327.289 3329.288 3330.936 3332.076 3333.276 3334.555 3335.8 3336.86 3337.788 3338.87 3340.57 3342.356 3344.183 3346.436 3348.97 3351.398
3283.199 3283.741 3284.262 3284.65 3285.021 3285.231 3285.41 3285.605 3285.866 3286.304 3286.988 3287.813 3288.836 3290.221 3291.663 3292.997 3294.346 3295.58 3296.63 3297.641 3298.74 3299.788 3300.705 3301.59 3302.516 3303.177 3303.814 3303.947 3303.764 3303.801 3304.169 3304.567 3305.503 3306.664 3308.545 3309.823 3311.247 3312.681 3314.246 3315.343 3316.528 3317.699 3318.846 3319.847 3320.837 3321.705 3322.613 3323.653 3324.784 3325.822 3326.91 3327.839 3328.85 3330.1 3331.937 3333.171 3334.113 3335.248 3336.396 3337.466 3338.306 3339.182 3340.426 3342.051 3343.786 3345.483 3347.659 3349.986 3352.08
3285.651 3286.231 3286.759 3287.353 3287.763 3288.091 3288.331 3288.53 3288.769 3289.196 3289.76 3290.526 3291.49 3292.762 3294.194 3295.499 3296.847 3298.089 3299.137 3300.132 3301.226 3302.261 3303.062 3303.887 3304.377 3304.984 3305.26 3305.399 3305.456 3305.978 3306.432 3307.423 3308.488 3310.493 3312.341 3313.373 3314.331 3315.738 3317.164 3317.891 3318.809 3319.944 3321.011 3322.349 3323.475 3324.636 3325.626 3326.815 3327.966 3329.125 3330.582 3331.655 3332.372 3333.502 3334.265 3335.37 3336.382 3337.608 3339.038 3339.78 3340.571 3341.551 3342.819 3344.396 3346.097 3347.529 3349.001 3351.131 3352.954
3288.011 3288.592 3289.172 3289.777 3290.354 3290.825 3291.089 3291.339 3291.58 3291.934 3292.487 3293.169 3294.017 3295.271 3296.616 3297.908 3299.212 3300.446 3301.427 3302.406 3303.44 3304.357 3305.09 3305.388 3305.847 3306.281 3306.591 3306.864 3307.348 3307.953 3309.149 3310.219 3311.813 3313.734 3315.035 3315.977 3316.901 3318.297 3319.24 3319.85 3320.722 3321.789 3323.052 3324.415 3325.837 3327.014 3328.214 3329.437 3330.788 3331.963 3333.261 3334.567 3335.335 3336.291 3337.052 3337.513 3338.554 3340.431 3341.481 3342.265 3342.997 3343.908 3344.934 3346.559 3348.404 3349.675 3351.041 3352.487 3354.297
3290.212 3290.8 3291.392 3292.044 3292.68 3293.184 3293.6 3293.923 3294.198 3294.549 3295.043 3295.682 3296.501 3297.645 3298.926 3300.117 3301.346 3302.477 3303.395 3304.245 3305.124 3305.836 3306.242 3306.584 3306.935 3307.421 3307.886 3308.436 3309.101 3310.178 3311.358 3312.828 3314.314 3315.852 3317.079 3318.005 3319.148 3320.2 3320.926 3321.523 3322.404 3323.615 3324.932 3326.397 3327.831 3329.064 3330.248 3331.554 3332.862 3334.033 3335.211 3336.176 3337.237 3338.264 3339.313 3340.244 3341.416 3342.291 3343.33 3344.233 3344.84 3345.408 3346.423 3348.521 3350.203 3351.62 3352.845 3354.226 3356.064
3292.586 3293.198 3293.8 3294.479 3295.154 3295.738 3296.32 3296.747 3297.05 3297.363 3297.825 3298.441 3299.179 3300.184 3301.344 3302.399 3303.259 3304.143 3305.079 3305.636 3306.26 3306.783 3307.205 3307.585 3308.072 3309.023 3309.873 3310.481 3311.465 3312.411 3313.657 3315.058 3316.426 3317.98 3319.492 3320.643 3321.668 3322.174 3322.625 3323.313 3324.568 3325.924 3327.253 3328.7 3330.096 3331.259 3332.306 3333.367 3334.472 3335.457 3336.454 3337.352 3338.108 3339.704 3341.514 3342.71 3343.317 3344.017 3344.925 3345.625 3346.113 3346.713 3347.739 3349.887 3351.868 3353.533 3354.862 3356.069 3357.663
3294.924 3295.469 3296.007 3296.697 3297.423 3298.031 3298.696 3299.231 3299.656 3300.026 3300.462 3301.031 3301.741 3302.584 3303.633 3304.506 3305.085 3305.784 3306.836 3307.409 3307.843 3307.804 3308.024 3308.453 3309.356 3310.962 3311.825 3312.446 3313.391 3314.554 3315.849 3317.362 3318.694 3320.137 3321.693 3323.061 3323.772 3324.279 3324.739 3325.576 3326.873 3328.233 3329.582 3330.931 3332.273 3333.228 3334.203 3335.137 3336.083 3336.967 3337.965 3338.939 3340.172 3341.304 3342.99 3344.273 3344.913 3345.651 3346.446 3347.032 3347.45 3348.036 3349.264 3351.205 3353.543 3355.366 3356.822 3358.206 3359.922
3297.048 3297.598 3298.136 3298.69 3299.398 3300.089 3300.764 3301.425 3301.946 3302.335 3302.775 3303.301 3303.931 3304.694 3305.466 3305.955 3306.577 3307.755 3308.793 3309.197 3309.18 3308.862 3309.096 3309.882 3311.033 3312.661 3314.104 3314.833 3315.739 3316.839 3318.125 3319.661 3321.007 3322.377 3323.839 3324.57 3325.259 3326.304 3327.272 3328.176 3329.379 3330.691 3331.779 3333.114 3334.335 3335.309 3336.294 3337.323 3338.298 3339.263 3340.276 3341.627 3342.904 3344.249 3345.043 3345.853 3346.317 3347.083 3348.189 3348.893 3349.905 3350.263 3351.409 3353.324 3355.711 3357.974 3359.434 3360.901 3362.538
3299.11 3299.735 3300.294 3300.889 3301.52 3302.097 3302.792 3303.521 3304.052 3304.516 3304.993 3305.441 3305.928 3306.493 3306.937 3307.473 3308.413 3309.636 3310.807 3311.12 3310.762 3310.511 3310.855 3311.678 3313.227 3314.927 3316.381 3317.674 3318.498 3319.347 3320.593 3322.091 3323.455 3324.69 3325.588 3326.086 3326.643 3327.777 3329.293 3330.48 3331.858 3332.969 3334.314 3335.61 3336.896 3337.984 3339.035 3340.166 3341.273 3342.265 3343.319 3344.534 3345.698 3347.283 3347.655 3347.815 3348.258 3349.152 3350.448 3351.692 3352.687 3353.342 3354.53 3356.216 3358.578 3360.781 3362.374 3363.536 3364.339
3301.442 3302.122 3302.752 3303.406 3304.035 3304.61 3305.225 3305.845 3306.299 3306.858 3307.34 3307.458 3307.773 3307.987 3308.642 3309.527 3310.499 3311.448 3312.496 3313.12 3313.334 3313.424 3313.765 3314.694 3316.144 3317.683 3319.288 3320.59 3321.418 3322.23 3323.433 3324.909 3326.195 3327.187 3327.795 3328.181 3328.85 3329.997 3331.759 3333.207 3334.802 3335.98 3337.248 3338.531 3339.821 3340.933 3342.013 3343.192 3344.329 3345.321 3346.263 3347.175 3348.027 3349.148 3349.522 3349.865 3350.526 3351.977 3353.994 3355.353 3356.737 3357.93 3358.325 3359.306 3361.186 3362.969 3364.196 3364.927 3365.431
3303.688 3304.401 3305.081 3305.761 3306.492 3307.125 3307.753 3308.354 3308.758 3308.989 3309.395 3309.461 3309.498 3309.664 3310.454 3311.514 3312.274 3313.177 3313.896 3314.584 3315.335 3315.764 3316.246 3317.441 3318.885 3320.3 3321.819 3323.206 3324.164 3324.998 3326.179 3327.617 3328.859 3329.805 3330.172 3330.47 3331.085 3332.5 3334.214 3335.915 3337.497 3338.554 3339.583 3340.828 3342.039 3343.127 3344.142 3345.306 3346.427 3347.423 3348.427 3349.241 3350.022 3350.529 3350.901 3351.511 3352.549 3354.854 3357.309 3359.061 3360.096 3361.434 3362.132 3362.599 3363.436 3364.646 3365.437 3366.051 3366.594
3305.594 3306.495 3307.192 3307.972 3308.71 3309.378 3310.088 3310.688 3311.069 3311.293 3311.319 3311.327 3311.209 3311.533 3312.763 3313.209 3313.934 3314.656 3315.365 3316.125 3316.851 3317.369 3318.296 3319.532 3321.034 3322.452 3323.98 3325.378 3326.467 3327.493 3328.676 3330.072 3331.295 3332.038 3332.422 3332.778 3333.537 3334.991 3336.942 3338.604 3339.546 3340.519 3341.346 3342.378 3343.563 3344.564 3345.573 3346.671 3347.79 3348.795 3349.802 3350.676 3351.327 3351.841 3352.449 3353.128 3355.031 3357.747 3360.585 3361.801 3362.805 3363.55 3364.258 3364.875 3365.611 3366.015 3366.459 3367.094 3368.369
3307.611 3308.535 3309.466 3310.268 3311.04 3311.73 3312.483 3313.129 3313.406 3313.406 3313.475 3313.405 3313.738 3314.444 3315.093 3315.567 3316.374 3317.097 3317.413 3318.037 3318.419 3319.525 3320.488 3321.785 3323.266 3324.65 3326.178 3327.648 3328.919 3329.984 3331.243 3332.596 3333.863 3334.818 3335.989 3336.545 3337.271 3338.361 3340.242 3341.357 3342.141 3342.531 3343.138 3344.158 3345.229 3346.222 3347.192 3348.289 3349.406 3350.412 3351.433 3352.245 3352.869 3353.423 3354.115 3355.772 3357.736 3360.312 3362.775 3363.982 3364.749 3365.464 3366.128 3366.748 3367.137 3367.416 3367.869 3368.76 3370.05
3309.415 3310.412 3311.359 3312.276 3313.094 3313.735 3314.53 3314.888 3314.937 3315.057 3315.175 3315.446 3315.972 3316.568 3317.298 3317.984 3318.832 3319.247 3319.695 3320.125 3321.009 3321.905 3323.018 3324.328 3325.724 3327.058 3328.515 3329.914 3331.145 3332.315 3333.546 3334.748 3336.188 3338.153 3339.692 3340.377 3340.978 3341.992 3343.415 3343.889 3344.234 3344.417 3344.957 3345.921 3346.972 3347.919 3348.87 3349.945 3351.043 3352.036 3353.047 3353.857 3354.401 3354.862 3355.94 3357.863 3360.159 3362.827 3364.245 3365.405 3366.201 3366.937 3367.656 3368.212 3368.492 3368.952 3369.544 3370.543 3371.837
3311.051 3312.023 3312.959 3313.926 3314.556 3314.898 3315.451 3315.944 3316.182 3316.259 3316.546 3317.108 3317.845 3318.527 3319.238 3319.918 3320.709 3321.378 3322.099 3322.866 3323.64 3324.532 3325.696 3327.021 3328.374 3329.641 3330.989 3332.292 3333.389 3334.405 3335.468 3336.793 3338.34 3340.317 3341.98 3342.728 3343.267 3344.136 3345.025 3345.497 3346.121 3346.485 3347.056 3347.956 3348.944 3349.831 3350.722 3351.716 3352.752 3353.699 3354.652 3355.454 3355.936 3356.33 3357.724 3359.751 3361.841 3364.057 3365.416 3366.443 3367.421 3368.238 3368.862 3369.315 3369.832 3370.498 3371.401 3372.434 3373.959
3312.862 3313.702 3314.497 3315.382 3315.839 3316.073 3316.402 3316.906 3317.219 3317.875 3318.28 3318.952 3319.787 3320.577 3321.273 3321.949 3322.877 3323.744 3324.653 3325.51 3326.46 3327.393 3328.566 3329.945 3331.328 3332.577 3333.898 3335.09 3336.108 3336.646 3337.5 3338.491 3339.772 3341.665 3343.258 3344.065 3344.799 3345.637 3346.323 3346.918 3347.541 3348.462 3349.195 3350.225 3351.171 3352.016 3352.873 3353.831 3354.832 3355.757 3356.726 3357.505 3358.076 3358.528 3359.88 3361.672 3363.717 3365.405 3366.801 3367.735 3368.727 3369.598 3370.058 3370.487 3371.215 3372.073 3373.663 3374.975 3376.812
3314.991 3315.573 3316.301 3316.891 3317.342 3317.518 3317.865 3318.57 3319.136 3319.866 3320.865 3321.544 3322.329 3323.134 3323.997 3324.905 3325.857 3326.878 3327.782 3328.672 3329.642 3330.714 3331.881 3333.388 3334.817 3336.068 3337.307 3338.476 3339.144 3339.636 3339.827 3340.365 3341.544 3342.97 3344.496 3345.298 3346.065 3347.125 3347.89 3348.487 3349.718 3350.754 3351.667 3352.701 3353.722 3354.578 3355.467 3356.462 3357.471 3358.426 3359.401 3360.282 3360.87 3361.484 3362.332 3364.005 3366.156 3367.904 3368.85 3369.739 3370.314 3371.036 3371.499 3372.064 3373.124 3375.825 3377.795 3379.351 3380.821
3317.025 3317.438 3318.38 3319.019 3319.082 3319.446 3319.978 3320.806 3321.516 3322.435 3323.369 3324.197 3325.071 3326.001 3327.012 3327.98 3329.064 3330.093 3330.984 3331.867 3332.89 3333.99 3335.146 3336.688 3338.198 3339.435 3340.654 3341.639 3342.056 3342.37 3342.539 3342.895 3343.628 3344.976 3346.068 3346.872 3347.774 3348.79 3349.688 3350.739 3351.961 3353.115 3354.241 3355.296 3356.333 3357.229 3358.138 3359.155 3360.211 3361.171 3362.179 3363.106 3363.755 3364.33 3365.146 3366.188 3368.248 3369.887 3370.738 3371.44 3372.062 3372.74 3373.289 3374.141 3377.342 3380.253 3382.032 3383.182 3384.521
3318.867 3319.181 3320.12 3320.905 3320.983 3321.427 3322.672 3323.603 3324.612 3325.425 3325.922 3326.853 3327.761 3328.889 3329.963 3331.027 3332.121 3333.202 3334.098 3334.958 3335.919 3337.008 3338.157 3339.697 3341.265 3342.485 3343.396 3344.117 3344.497 3344.607 3344.813 3345.339 3346.037 3346.835 3347.815 3348.633 3349.776 3350.837 3351.951 3353.025 3354.338 3355.656 3356.791 3357.89 3358.925 3359.835 3360.746 3361.784 3362.843 3363.823 3364.856 3365.791 3366.493 -9999 3367.745 3368.689 3370.182 3371.356 3372.082 3373.223 3374.049 3374.816 3376.22 3378.017 3380.861 3383.598 3384.899 3386.068 3387.076
3321.224 3321.579 3322.108 3322.95 3323.889 3324.573 3325.764 3326.506 3327.407 3327.966 3328.538 3329.641 3330.722 3331.885 3333.164 3334.292 3335.485 3336.578 3337.534 3338.397 3339.296 3340.261 3341.373 3342.772 3344.331 3345.36 3346.196 3346.469 3346.648 3346.777 3347.122 3347.64 3348.394 3349.213 3350.138 3351.092 3352.258 3353.529 3354.654 3355.844 3357.169 3358.571 3359.738 3360.835 3361.846 3362.754 3363.669 3364.707 3365.768 3366.749 3367.794 -9999 -9999 -9999 -9999 -9999 3372.423 3373.132 3373.749 3374.856 3376.455 3377.442 3379.334 3381.602 3383.984 3385.893 3387.204 3388.805 3389.91
3323.32 3323.684 3324.578 3325.728 3326.797 3327.513 3328.128 3328.825 3329.308 3330.04 3330.931 3332.211 3333.356 3334.606 3335.962 3337.218 3338.566 3339.726 3340.737 3341.611 3342.449 3343.336 3344.035 3345.36 3346.679 3347.503 3348.054 3348.27 3348.364 3348.633 3349.033 3349.812 3350.711 3351.61 3352.624 3353.671 3354.955 3356.229 3357.397 3358.612 3359.989 3361.43 3362.62 3363.715 3364.723 3365.599 3366.509 3367.542 3368.603 -9999 -9999 -9999 -9999 -9999 -9999 -9999 -9999 -9999 3376.403 3377.395 3378.986 3380.818 3382.651 3384.641 3386.818 3388.449 3389.697 3391.208 3392.614
3325.162 3325.695 3326.576 3327.674 3328.726 3329.377 3329.991 3330.586 3331.18 3331.974 3333.373 3334.66 3335.628 3336.832 3338.182 3339.52 3341.01 3342.468 3343.509 3344.435 3345.243 3345.685 3346.312 3347.211 3348.298 3349.071 3349.392 3349.606 3349.875 3350.208 3351.155 3352.115 3353.04 3354.049 3355.079 3356.269 3357.557 3358.844 3360.028 3361.246 3362.683 3364.132 3365.344 3366.444 3367.444 3368.313 3369.2 -9999 -9999 -9999 -9999 -9999 -9999 -9999 -9999 -9999 -9999 -9999 -9999 3380.88 3382.241 3383.849 3385.655 3387.745 3389.372 3390.919 3392.148 3393.529 3394.933
3327.514 3328.231 3329.058 3330.09 3330.929 3331.587 3332.162 3332.667 3333.329 3334.521 3336.085 3337.388 3338.244 3339.147 3340.227 3341.648 3343.33 3345.02 3346.348 3347.331 3347.836 3348.132 3348.511 3349.517 3350.43 3351.02 3351.322 3351.517 3351.839 3352.537 3353.561 3354.692 3355.719 3356.73 3357.922 3359.144 3360.456 3361.73 3362.91 3364.141 3365.596 3367.105 3368.332 3369.432 3370.429 -9999 -9999 -9999 -9999 -9999 -9999 -9999 -9999 -9999 -9999 -9999 -9999 -9999 -9999 -9999 3385.477 3386.807 3388.338 3390.318 3391.861 3393.487 3394.961 3396.348 3397.423
3330.239 3330.964 3331.738 3332.585 3333.383 3334.011 3334.519 3335.108 3335.974 3337.267 3338.818 3339.989 3340.678 3341.193 3342.178 3343.652 3345.667 3347.83 3349.321 3350.031 3350.35 3350.738 3351.213 3352.065 3352.932 3353.517 3353.782 3353.877 3354.262 3355.017 3356.082 3357.223 3358.217 3359.321 3360.632 3361.887 3363.194 3364.454 3365.634 3366.884 3368.388 3369.92 3371.154 -9999 -9999 -9999 -9999 -9999 -9999 -9999 -9999 -9999 -9999 -9999 -9999 -9999 -9999 -9999 -9999 -9999 -9999 3388.981 3390.332 3391.96 3393.792 3395.508 3397.176 3398.668 3400.088
3332.933 3333.664 3334.388 3335.198 3335.894 3336.495 3337.007 3337.729 3338.687 3340.059 3341.581 3342.725 3343.339 3343.777 3344.463 3345.936 3348.085 3350.791 3352.268 3352.952 3352.802 3353.494 3354.167 3354.889 3355.729 3356.284 3356.569 3356.59 3356.749 3357.396 3358.418 3359.534 3360.502 3361.708 3363.098 3364.368 3365.666 3366.912 3368.092 3369.361 3370.88 -9999 -9999 -9999 -9999 -9999 -9999 -9999 -9999 -9999 -9999 -9999 -9999 -9999 -9999 -9999 -9999 -9999 -9999 -9999 -9999 -9999 3392.118 3393.603 3395.149 3396.939 3398.663 3400.779 3402.405
3335.957 3336.506 3337.21 3337.91 3338.599 3339.187 3339.871 3340.636 3341.849 3343.265 3344.98 3346.166 3346.863 3347.259 3347.908 3349.363 3351.891 3353.947 3355.293 3355.75 3355.698 3356.479 3357.264 3357.957 3358.69 3359.241 3359.519 3359.446 3359.46 3359.84 3360.823 3361.848 3362.851 3364.183 3365.582 3366.877 3368.156 3369.4 3370.589 -9999 -9999 -9999 -9999 -9999 -9999 -9999 -9999 -9999 -9999 -9999 -9999 -9999 -9999 -9999 -9999 -9999 -9999 -9999 -9999 -9999 -9999 -9999 3394.011 3395.15 3396.687 3398.417 3400.147 3402.301 3404.421
3339.487 3339.985 3340.484 3341.165 3341.817 3342.491 3343.213 3344.342 3345.615 3347.641 3349.494 3351.285 3352.719 3353.051 3353.331 3355.098 3356.988 3357.309 3357.679 3358.184 3358.793 3359.66 3360.423 3361.192 3361.906 3362.406 3362.698 3362.677 3362.466 3362.795 3363.526 3364.544 3365.672 3367.021 3368.464 3369.759 -9999 -9999 -9999 -9999 -9999 -9999 -9999 -9999 -9999 -9999 -9999 -9999 -9999 -9999 -9999 -9999 -9999 -9999 -9999 -9999 -9999 -9999 -9999 -9999 -9999 -9999 -9999 3397.419 3398.83 3400.439 3402.169 3404.314 3406.384
3343.524 3343.666 3344.08 3344.613 3345.285 3345.977 3346.962 3348.044 3349.774 3352.157 3355.048 3356.772 3357.442 3357.755 3359.073 3360.197 3360.084 3359.629 3359.799 3360.398 3361.296 3362.134 3362.989 3363.769 3364.302 3364.748 3365.078 3365.154 3365.189 3365.617 3366.406 3367.255 3368.443 -9999 -9999 -9999 -9999 -9999 -9999 -9999 -9999 -9999 -9999 -9999 -9999 -9999 -9999 -9999 -9999 -9999 -9999 -9999 -9999 -9999 -9999 -9999 -9999 -9999 -9999 -9999 -9999 -9999 -9999 3399.496 3400.843 3402.454 3404.197 3406.626 3409.062
3347.633 3347.968 3348.147 3348.237 3348.633 3349.24 3350.685 3352.168 3354.031 3356.188 3358.409 3359.337 3359.952 3361.163 3362.161 3362.598 3362.256 3361.854 3361.793 3362.326 3363.163 3363.824 3364.587 3365.318 3365.857 3366.338 3366.734 3367.075 3367.401 -9999 -9999 -9999 -9999 -9999 -9999 -9999 -9999 -9999 -9999 -9999 -9999 -9999 -9999 -9999 -9999 -9999 -9999 -9999 -9999 -9999 -9999 -9999 -9999 -9999 -9999 -9999 -9999 -9999 -9999 -9999 -9999 -9999 -9999 -9999 3402.865 3404.559 3406.788 3409.872 3412.655
3352.77 3353.137 3353.074 3353.05 3352.617 3352.936 3354.325 3356.28 3358.005 3359.221 3360.667 3361.002 3361.505 3362.699 3363.903 3364.226 3364.319 3363.959 3364.284 3364.77 3365.1 3365.693 3366.128 3366.752 3367.246 3368.126 -9999 -9999 -9999 -9999 -9999 -9999 -9999 -9999 -9999 -9999 -9999 -9999 -9999 -9999 -9999 -9999 -9999 -9999 -9999 -9999 -9999 -9999 -9999 -9999 -9999 -9999 -9999 -9999 -9999 -9999 -9999 -9999 -9999 -9999 -9999 -9999 -9999 -9999 3405.82 3407.666 3410.963 3414.198 3417.188
