1.0/DEMs/bedrockdem.txt
ncols         262
nrows         205
xllcorner     641625.7215
yllcorner     155080.5477
cellsize      2
NODATA_value  -9999
[rows 150 to 179 of 205, columns 69 to 137 of 262]
3416.135 3418.318 3420.2 3422.056 3423.233 3424.011 3423.836 3423.604 3424.101 3425.541 3427.714 3430.584 3433.478 3436.195 3438.152 3439.329 3440.412 3441.36 3442.016 3442.305 3442.696 3443.155 3443.454 3443.973 3444.385 3445.138 3446.221 3448.293 3450.019 3451.034 3452.08 3453.067 3454.235 3456.315 3458.33 3459.352 3459.929 3460.35 3461.024 3461.966 3462.866 3463.747 3464.001 3464.34 3465.134 3465.824 3466.656 3468.068 3469.604 3471.424 3473.551 3475.082 3475.784 3476.176 3475.959 3475.487 3475.028 3474.555 3474.004 3473.506 3472.982 3472.445 3471.888 3471.401 3471.047 3470.812 3470.478 3469.876 3469.257
3413.425 3414.992 3416.968 3418.49 3419.89 3420.838 3421.184 3421.341 3422.118 3423.473 3425.716 3428.658 3431.718 3434.601 3436.616 3437.939 3439.061 3439.863 3440.344 3440.472 3440.644 3441.095 3441.656 3442.279 3442.681 3443.236 3443.975 3445.185 3446.848 3448.71 3449.888 3451.258 3452.634 3454.635 3456.467 3457.485 3458.273 3458.724 3459.251 3460.096 3461.034 3461.894 3461.984 3462.152 3462.847 3463.841 3464.716 3466.078 3467.907 3469.877 3472.02 3473.571 3474.336 3474.7 3474.503 3474.043 3473.626 3473.08 3472.393 3471.789 3471.253 3470.738 3470.223 3469.785 3469.486 3469.313 3469.019 3468.469 3467.754
3411.521 3412.238 3413.35 3414.394 3415.873 3417.281 3418.335 3418.855 3419.52 3421.048 3423.407 3426.4 3429.471 3432.65 3435.021 3436.356 3437.23 3437.88 3438.15 3438.402 3438.61 3439.212 3439.717 3440.3 3440.486 3440.655 3440.777 3441.566 3443.199 3445.596 3447.862 3449.467 3450.942 3452.571 3454.201 3455.158 3456.128 3456.99 3457.581 3458.215 3458.973 3459.638 3459.802 3459.953 3460.369 3460.974 3462.243 3463.816 3465.969 3467.979 3470.511 3472.184 3472.753 3472.733 3472.714 3472.409 3472.014 3471.432 3470.668 3470.04 3469.341 3468.643 3468.037 3467.611 3467.345 3467.29 3467.194 3466.657 3466.035
-9999 -9999 3411.319 3411.953 3412.629 3414.065 3415.264 3416.137 3416.953 3418.141 3420.484 3423.752 3427.286 3430.522 3433.211 3434.62 3435.357 3435.815 3436 3436.249 3436.849 3437.528 3438.025 3438.313 3438.56 3438.491 3438.419 3438.65 3440.179 3442.769 3445.647 3447.729 3449.341 3450.926 3452.105 3453.024 3453.947 3455.068 3455.924 3456.615 3457.313 3457.783 3457.984 3458.087 3458.457 3459.188 3460.274 3462.235 3464.626 3466.696 3469.078 3470.786 3471.305 3471.098 3470.876 3470.615 3470.227 3469.762 3469.126 3468.498 3467.682 3466.831 3466.093 3465.599 3465.337 3465.229 3465.186 3464.931 3464.384
-9999 -9999 -9999 3410.646 3411.271 3412.211 3413.187 3414.079 3414.774 3415.912 3417.983 3421.233 3424.791 3428.098 3430.783 3432.577 3433.33 3433.736 3433.973 3434.484 3435.208 3435.896 3436.278 3436.53 3436.412 3436.304 3436.383 3436.717 3438.397 3440.856 3443.715 3445.99 3447.565 3449.115 3450.344 3451.231 3451.945 3453.037 3454.15 3454.896 3455.718 3456.192 3456.353 3456.477 3456.85 3457.591 3458.936 3461.389 3463.827 3465.795 3468.106 3469.532 3469.796 3469.591 3469.232 3468.944 3468.576 3468.1 3467.501 3466.855 3466.005 3465.076 3464.355 3463.926 3463.662 3463.479 3463.29 3463.053 3462.845
-9999 -9999 -9999 -9999 3410.23 3410.678 3411.594 3412.294 3412.874 3413.431 3415.461 3418.338 3421.046 3424.268 3426.987 3428.818 3430.293 3430.901 3431.828 3432.492 3433.308 3433.948 3434.304 3434.323 3434.217 3434.296 3434.455 3435.327 3437.187 3439.686 3441.99 3444.124 3445.556 3447.055 3448.191 3448.954 3449.612 3450.406 3451.578 3453.035 3453.862 3454.25 3454.293 3454.441 3454.906 3455.815 3457.439 3460.398 3463.109 3465.045 3466.888 3467.979 3468.247 3468.105 3467.751 3467.287 3466.888 3466.335 3465.748 3465.117 3464.163 3463.193 3462.428 3461.992 3461.641 3461.231 3460.99 3460.693 3460.501
-9999 -9999 -9999 -9999 -9999 3409.575 3410.255 3410.775 3410.806 3411.352 3412.805 3414.861 3417.232 3420.051 3422.752 3424.818 3426.239 3427.94 3429.028 3430.059 3431.036 3431.929 3432.186 3432.25 3432.346 3432.519 3432.962 3434.154 3436.393 3438.906 3441.005 3442.469 3443.866 3445.065 3446.027 3446.617 3447.233 3448.079 3449.392 3451.013 3451.93 3452.241 3452.303 3452.425 3452.941 3454.041 3456.16 3459.234 3461.942 3463.761 3465.407 3466.51 3466.769 3466.642 3466.266 3465.602 3464.999 3464.263 3463.717 3463.224 3462.336 3461.465 3460.687 3460.236 3459.88 3459.494 3459.009 3458.604 3458.392
-9999 -9999 -9999 -9999 -9999 -9999 -9999 3409.133 3409.368 3409.617 3410.249 3411.656 3413.228 3416.073 3418.691 3420.672 3422.459 3424.209 3426.059 3427.363 3428.566 3429.62 3430.059 3430.397 3430.658 3430.858 3431.35 3432.596 3435.026 3437.467 3439.545 3440.859 3442.098 3443.278 3444.088 3444.628 3445.349 3446.076 3447.117 3448.574 3449.822 3450.279 3450.442 3450.722 3451.34 3452.395 3454.475 3457.648 3460.385 3462.199 3463.936 3464.974 3465.271 3465.154 3464.575 3463.813 3463.191 3462.472 3461.887 3461.423 3460.802 3460.023 3459.303 3458.894 3458.519 3458.079 3457.539 3457.09 3456.845
-9999 -9999 -9999 -9999 -9999 -9999 -9999 -9999 -9999 3408.526 3409.074 3409.637 3410.856 3412.345 3414.885 3416.448 3418.321 3420.235 3421.955 3423.555 3424.796 3425.908 3427.359 3427.931 3428.386 3428.775 3429.336 3430.678 3432.934 3435.641 3437.732 3439.211 3440.201 3441.341 3442.412 3442.943 3443.482 3444.239 3445.217 3446.19 3447.116 3447.951 3448.2 3448.891 3449.671 3450.923 3452.933 3456.124 3458.768 3460.574 3462.144 3462.975 3463.336 3463.244 3462.824 3462.211 3461.6 3460.981 3460.366 3459.777 3459.177 3458.448 3457.927 3457.535 3457.092 3456.6 3456.07 3455.648 3455.462
-9999 -9999 -9999 -9999 -9999 -9999 -9999 -9999 -9999 -9999 -9999 -9999 3409.02 3410.289 3410.979 3412.435 3414.16 3416.363 3418.034 3419.086 3420.274 3421.398 3422.85 3424.42 3425.023 3425.435 3426.904 3428.472 3430.632 3433.23 3435.789 3437.385 3438.354 3438.98 3439.971 3440.897 3441.484 3442.111 3443.066 3444.06 3444.857 3445.531 3446.046 3446.727 3447.584 3448.945 3451.504 3454.371 3456.937 3458.399 3459.748 3460.84 3461.107 3461.13 3461.034 3460.509 3459.984 3459.352 3458.761 3458.159 3457.4 3456.809 3456.289 3455.87 3455.444 3454.915 3454.37 3453.749 3453.495
-9999 -9999 -9999 -9999 -9999 -9999 -9999 -9999 -9999 -9999 -9999 -9999 -9999 -9999 3408.683 3409.529 3410.988 3413.114 3414.704 3415.779 3416.798 3417.909 3419.3 3420.331 3421.219 3422.2 3423.749 3426.082 3428.446 3430.749 3433.504 3435.509 3436.462 3437.044 3437.582 3438.142 3438.831 3439.503 3440.272 3441.313 3442.201 3443.23 3444.039 3444.708 3445.719 3447.534 3450.153 3452.877 3454.865 3456.292 3457.583 3458.587 3459.137 3459.224 3459.103 3458.838 3458.343 3457.804 3457.235 3456.578 3455.769 3455.138 3454.754 3454.369 3453.996 3453.135 3452.518 3451.926 3451.483
-9999 -9999 -9999 -9999 -9999 -9999 -9999 -9999 -9999 -9999 -9999 -9999 -9999 -9999 -9999 -9999 -9999 -9999 3412.048 3413.12 3414.442 3415.638 3416.726 3417.75 3418.805 3419.823 3421.234 3423.481 3425.825 3428.262 3431.019 3433.315 3434.335 3434.927 3435.219 3435.715 3436.232 3437.021 3437.821 3438.716 3439.889 3441.04 3441.871 3442.894 3443.985 3446.28 3448.93 3451.361 3453.305 3454.427 3455.601 3456.674 3457.253 3457.39 3457.304 3457.065 3456.726 3456.106 3455.495 3454.785 3454.021 3453.569 3453.198 3452.85 3452.36 3451.541 3450.902 3450.316 3449.973
-9999 -9999 -9999 -9999 -9999 -9999 -9999 -9999 -9999 -9999 -9999 -9999 -9999 -9999 -9999 -9999 -9999 -9999 -9999 -9999 -9999 3413.23 3414.42 3415.96 3417.013 3418.194 3419.615 3420.994 3422.685 3424.978 3427.502 3429.799 3431.395 3432.123 3432.899 3433.186 3433.546 3434.517 3435.43 3436.558 3437.751 3438.865 3439.799 3440.796 3441.816 3444.102 3447.585 3450.12 3451.695 3452.782 3453.667 3454.712 3455.311 3455.44 3455.352 3455.081 3454.819 3454.308 3453.646 3452.965 3452.3 3451.803 3451.326 3450.976 3450.548 3449.973 3449.355 3448.738 3448.376
-9999 -9999 -9999 -9999 -9999 -9999 -9999 -9999 -9999 -9999 -9999 -9999 -9999 -9999 -9999 -9999 -9999 -9999 -9999 -9999 -9999 -9999 -9999 -9999 3414.783 3416.002 3417.943 3419.385 3420.589 3421.735 3424.121 3426.481 3428.162 3429.719 3430.513 3430.805 3431.074 3431.825 3433.11 3434.387 3435.75 3436.894 3437.911 3438.948 3439.974 3441.993 3445.475 3448.413 3449.942 3451.001 3451.92 3452.905 3453.482 3453.612 3453.425 3453.184 3452.913 3452.417 3451.914 3451.486 3450.854 3450.255 3449.764 3449.31 3448.846 3448.233 3447.423 3446.817 3446.468
-9999 -9999 -9999 -9999 -9999 -9999 -9999 -9999 -9999 -9999 -9999 -9999 -9999 -9999 -9999 -9999 -9999 -9999 -9999 -9999 -9999 -9999 -9999 -9999 -9999 -9999 -9999 3417.372 3418.822 3419.945 3421.446 3423.724 3425.786 3427.314 3427.948 3428.298 3428.58 3429.201 3430.556 3432.492 3433.834 3434.899 3436.055 3437.155 3438.826 3440.825 3443.17 3446.031 3447.971 3449.027 3449.989 3451.253 3451.818 3451.911 3451.703 3451.242 3450.948 3450.604 3450.363 3449.96 3449.546 3448.964 3448.373 3447.882 3447.196 3446.32 3445.528 3444.868 3444.49
-9999 -9999 -9999 -9999 -9999 -9999 -9999 -9999 -9999 -9999 -9999 -9999 -9999 -9999 -9999 -9999 -9999 -9999 -9999 -9999 -9999 -9999 -9999 -9999 -9999 -9999 -9999 -9999 3416.559 3418.185 3419.656 3421.257 3423.001 3424.298 3425.425 3425.827 3426.276 3426.964 3428.537 3429.941 3431.421 3432.802 3433.992 3435.387 3437.4 3439.211 3441.145 3442.988 3445.149 3446.376 3448.061 3449.429 3450.093 3450.185 3449.779 3449.244 3448.884 3448.742 3448.592 3448.458 3448.076 3447.58 3446.958 3446.239 3445.317 3444.316 3443.598 3442.903 3442.525
-9999 -9999 -9999 -9999 -9999 -9999 -9999 -9999 -9999 -9999 -9999 -9999 -9999 -9999 -9999 -9999 -9999 -9999 -9999 -9999 -9999 -9999 -9999 -9999 -9999 -9999 -9999 -9999 -9999 3416.314 3417.747 3418.906 3420.19 3421.885 3423.223 3423.988 3424.538 3425.286 3426.328 3427.828 3429.61 3431.043 3432.213 3433.832 3435.707 3437.23 3438.63 3440.552 3442.822 3444.462 3446.282 3447.684 3448.331 3448.33 3447.882 3447.337 3447.002 3446.92 3447.031 3446.954 3446.669 3446.127 3445.348 3444.107 3442.831 3441.922 3441.457 3440.997 3440.737
-9999 -9999 -9999 -9999 -9999 -9999 -9999 -9999 -9999 -9999 -9999 -9999 -9999 -9999 -9999 -9999 -9999 -9999 -9999 -9999 -9999 -9999 -9999 -9999 -9999 -9999 -9999 -9999 -9999 -9999 3415.369 3417.396 3418.531 3419.737 3421.14 3422.176 3423.012 3423.804 3424.771 3426.21 3427.979 3429.447 3430.535 3432.045 3433.706 3435.561 3437.002 3439.027 3441.175 3442.817 3444.673 3445.97 3446.533 3446.553 3446.189 3445.66 3445.202 3445.073 3445.124 3445.187 3444.968 3444.375 3443.472 3441.997 3440.445 3439.584 3439.239 3439.219 3439.066
-9999 -9999 -9999 -9999 -9999 -9999 -9999 -9999 -9999 -9999 -9999 -9999 -9999 -9999 -9999 -9999 -9999 -9999 -9999 -9999 -9999 -9999 -9999 -9999 -9999 -9999 -9999 -9999 -9999 -9999 -9999 3415.516 3417.074 3418.339 3419.408 3420.482 3421.411 3422.361 3423.408 3424.835 3426.51 3427.614 3428.649 3429.61 3431.307 3433.575 3435.727 3437.903 3439.835 3441.477 3443.325 3444.693 3445.109 3445.065 3444.702 3444.117 3443.531 3443.087 3442.866 3442.932 3442.582 3441.819 3440.625 3439.273 3438.082 3437.568 3437.47 3437.564 3437.515
-9999 -9999 -9999 -9999 -9999 -9999 -9999 -9999 -9999 -9999 -9999 -9999 -9999 -9999 -9999 -9999 -9999 -9999 -9999 -9999 -9999 -9999 -9999 -9999 -9999 -9999 -9999 -9999 -9999 -9999 -9999 -9999 -9999 3416.699 3418.042 3419.06 3420.023 3421.02 3421.988 3422.999 3424.391 3425.486 3426.489 3427.57 3429.322 3432.058 3434.5 3436.662 3438.762 3440.501 3442.232 3443.484 3443.788 3443.603 3443.134 3442.422 3441.607 3440.418 3439.399 3439.075 3438.579 3437.591 3436.915 3435.913 3435.645 3435.639 3435.641 3435.813 3435.544
-9999 -9999 -9999 -9999 -9999 -9999 -9999 -9999 -9999 -9999 -9999 -9999 -9999 -9999 -9999 -9999 -9999 -9999 -9999 -9999 -9999 -9999 -9999 -9999 -9999 -9999 -9999 -9999 -9999 -9999 -9999 -9999 -9999 -9999 -9999 -9999 3418.707 3419.528 3420.459 3421.472 3422.349 3423.348 3424.421 3425.646 3427.856 3430.569 3432.988 3435.273 3437.631 3439.331 3440.977 3441.804 3442.079 3441.744 3441.154 3440.094 3439.135 3437.677 3436.249 3435.047 3434.484 3433.627 3433.504 3433.404 3433.515 3433.554 3433.632 3433.765 3433.524
-9999 -9999 -9999 -9999 -9999 -9999 -9999 -9999 -9999 -9999 -9999 -9999 -9999 -9999 -9999 -9999 -9999 -9999 -9999 -9999 -9999 -9999 -9999 -9999 -9999 -9999 -9999 -9999 -9999 -9999 -9999 -9999 -9999 -9999 -9999 -9999 -9999 3417.51 3418.675 3419.655 3420.502 3421.324 3422.39 3424.062 3426.301 3428.754 3431.226 3433.971 3436.283 3437.777 3438.745 3439.482 3439.208 3438.818 3437.897 3436.782 3435.734 3434.373 3433.319 3432.22 3431.652 3431.343 3431.248 3431.5 3431.67 3431.781 3431.804 3432.019 3431.506
-9999 -9999 -9999 -9999 -9999 -9999 -9999 -9999 -9999 -9999 -9999 -9999 -9999 -9999 -9999 -9999 -9999 -9999 -9999 -9999 -9999 -9999 -9999 -9999 -9999 -9999 -9999 -9999 -9999 -9999 -9999 -9999 -9999 -9999 -9999 -9999 -9999 -9999 3416.103 3417.035 3418.165 3419.117 3420.33 3422.032 3424.142 3426.583 3429.616 3432.371 3434.355 3435.375 3436.243 3436.236 3435.878 3434.86 3433.877 3432.964 3432.051 3431.631 3430.721 3430.201 3429.688 3429.364 3429.356 3429.598 3429.985 3430.135 3430.043 3429.968 3429.796
-9999 -9999 -9999 -9999 -9999 -9999 -9999 -9999 -9999 -9999 -9999 -9999 -9999 -9999 -9999 -9999 -9999 -9999 -9999 -9999 -9999 -9999 -9999 -9999 -9999 -9999 -9999 -9999 -9999 -9999 -9999 -9999 -9999 -9999 -9999 -9999 -9999 -9999 -9999 3414.483 3415.6 3417.215 3418.565 3420.514 3422.639 3424.978 3427.97 3430.632 3432.494 3433.502 3433.912 3433.852 3432.756 3431.65 3430.64 3429.811 3429.495 3429.105 3428.82 3428.458 3427.997 3427.874 3427.888 3428.117 3428.485 3428.654 3428.556 3428.228 3428.047
-9999 -9999 -9999 -9999 -9999 -9999 -9999 -9999 -9999 -9999 -9999 -9999 -9999 -9999 -9999 -9999 -9999 -9999 -9999 -9999 -9999 -9999 -9999 -9999 -9999 -9999 -9999 -9999 -9999 -9999 -9999 -9999 -9999 -9999 -9999 -9999 -9999 -9999 -9999 -9999 3413.82 3415.371 3417.27 3419.411 3421.837 3424.073 3426.425 3429.142 3431.231 3432.073 3432.422 3431.896 3430.771 3429.423 3428.42 3427.89 3427.585 3427.296 3427.01 3426.75 3426.582 3426.495 3426.673 3426.916 3427.186 3427.342 3427.16 3426.8 3426.405
-9999 -9999 -9999 -9999 -9999 -9999 -9999 -9999 -9999 -9999 -9999 -9999 -9999 -9999 -9999 -9999 -9999 -9999 -9999 -9999 -9999 -9999 -9999 -9999 -9999 -9999 -9999 -9999 -9999 -9999 -9999 -9999 -9999 -9999 -9999 -9999 -9999 -9999 -9999 -9999 3412.51 3414.017 3416.057 3419.157 3421.636 3423.514 3425.366 3428.196 3430.315 3431.083 3430.907 3430.318 3429.073 3427.733 3426.75 3425.982 3425.696 3425.513 3425.264 3425.128 3424.982 3424.899 3425.064 3425.348 3425.749 3425.835 3425.607 3425.179 3425.057
-9999 -9999 -9999 -9999 -9999 -9999 -9999 -9999 -9999 -9999 -9999 -9999 -9999 -9999 -9999 -9999 -9999 -9999 -9999 -9999 -9999 -9999 -9999 -9999 -9999 -9999 -9999 -9999 -9999 -9999 -9999 -9999 -9999 -9999 -9999 -9999 -9999 -9999 -9999 -9999 -9999 3413.057 3415.856 3419.012 3421.938 3423.804 3425.632 3427.613 3429.577 3429.946 3429.75 3429.001 3427.741 3426.234 3424.809 3423.943 3423.444 3423.302 3423.52 3423.425 3423.415 3423.353 3423.416 3423.606 3423.894 3423.778 3423.639 3423.853 3423.81
-9999 -9999 -9999 -9999 -9999 -9999 -9999 -9999 -9999 -9999 -9999 -9999 -9999 -9999 -9999 -9999 -9999 -9999 -9999 -9999 -9999 -9999 -9999 -9999 -9999 -9999 -9999 -9999 -9999 -9999 -9999 -9999 -9999 -9999 -9999 -9999 -9999 -9999 -9999 -9999 3410.33 3412.573 3415.57 3419.085 3422.104 3424.064 3425.768 3427.501 3428.692 3428.92 3428.579 3427.781 3426.474 3424.928 3423.289 3421.983 3421.485 3421.576 3421.928 3421.967 3421.943 3421.918 3421.973 3422.06 3421.935 3421.798 3422.016 3422.412 3422.746
-9999 -9999 -9999 -9999 -9999 -9999 -9999 -9999 -9999 -9999 -9999 -9999 -9999 -9999 -9999 -9999 -9999 -9999 -9999 -9999 -9999 -9999 -9999 -9999 -9999 -9999 -9999 -9999 -9999 -9999 -9999 -9999 -9999 -9999 -9999 -9999 -9999 -9999 -9999 -9999 3409.385 3411.982 3415.226 3418.902 3421.943 3423.928 3425.419 3426.741 3427.613 3427.568 3426.813 3425.912 3424.803 3423.059 3421.446 3420.361 3419.915 3420.09 3420.328 3420.333 3420.26 3420.177 3420.085 3419.971 3420.246 3420.307 3420.665 3421.21 3421.612
-9999 -9999 -9999 -9999 -9999 -9999 -9999 -9999 -9999 -9999 -9999 -9999 -9999 -9999 -9999 -9999 -9999 -9999 -9999 -9999 -9999 -9999 -9999 -9999 -9999 -9999 -9999 -9999 -9999 -9999 -9999 -9999 -9999 -9999 -9999 -9999 -9999 -9999 -9999 -9999 -9999 3410.614 3414.085 3417.976 3421.069 3423.123 3424.837 3426.099 3426.198 3425.868 3424.431 3423.192 3421.992 3420.498 3419.159 3418.437 3418.135 3417.862 3417.989 3418.165 3418.154 3418.065 3417.928 3417.842 3418.367 3418.797 3419.242 3419.791 3420.221
