1.0/DEMs/bedrockdem.txt
ncols         262
nrows         205
xllcorner     641625.7215
yllcorner     155080.5477
cellsize      2
NODATA_value  -9999
[rows 90 to 119 of 205, columns 0 to 68 of 262]
-9999 -9999 -9999 -9999 -9999 -9999 -9999 -9999 -9999 -9999 -9999 -9999 -9999 -9999 -9999 -9999 -9999 -9999 -9999 -9999 -9999 -9999 -9999 -9999 -9999 -9999 -9999 -9999 -9999 -9999 -9999 -9999 -9999 -9999 -9999 -9999 -9999 -9999 -9999 -9999 -9999 -9999 -9999 -9999 -9999 -9999 -9999 -9999 -9999 -9999 -9999 -9999 -9999 -9999 -9999 -9999 -9999 -9999 -9999 -9999 -9999 -9999 -9999 -9999 -9999 -9999 -9999 -9999 -9999
-9999 -9999 -9999 -9999 -9999 -9999 -9999 -9999 -9999 -9999 -9999 -9999 -9999 -9999 -9999 -9999 -9999 -9999 -9999 -9999 -9999 -9999 -9999 -9999 -9999 -9999 -9999 -9999 -9999 -9999 -9999 -9999 -9999 -9999 -9999 -9999 -9999 -9999 -9999 -9999 -9999 -9999 -9999 -9999 -9999 -9999 -9999 -9999 -9999 -9999 -9999 -9999 -9999 -9999 -9999 -9999 -9999 -9999 -9999 -9999 -9999 -9999 -9999 -9999 -9999 -9999 -9999 -9999 -9999
-9999 -9999 -9999 -9999 -9999 -9999 -9999 -9999 -9999 -9999 -9999 -9999 -9999 -9999 -9999 -9999 -9999 -9999 -9999 -9999 -9999 -9999 -9999 -9999 -9999 -9999 -9999 -9999 -9999 -9999 -9999 -9999 -9999 -9999 -9999 -9999 -9999 -9999 -9999 -9999 -9999 -9999 -9999 -9999 -9999 -9999 -9999 -9999 -9999 -9999 -9999 -9999 -9999 -9999 -9999 -9999 -9999 -9999 -9999 -9999 -9999 -9999 -9999 -9999 -9999 -9999 -9999 -9999 -9999
-9999 -9999 -9999 -9999 -9999 -9999 -9999 -9999 -9999 -9999 -9999 -9999 -9999 -9999 -9999 -9999 -9999 -9999 -9999 -9999 -9999 -9999 -9999 -9999 -9999 -9999 -9999 -9999 -9999 -9999 -9999 -9999 -9999 -9999 -9999 -9999 -9999 -9999 -9999 -9999 -9999 -9999 -9999 -9999 -9999 -9999 -9999 -9999 -9999 -9999 -9999 -9999 -9999 -9999 -9999 -9999 -9999 -9999 -9999 -9999 -9999 -9999 -9999 -9999 -9999 -9999 -9999 -9999 -9999
-9999 -9999 -9999 -9999 -9999 -9999 -9999 -9999 -9999 -9999 -9999 -9999 -9999 -9999 -9999 -9999 -9999 -9999 -9999 -9999 -9999 -9999 -9999 -9999 -9999 -9999 -9999 -9999 -9999 -9999 -9999 -9999 -9999 -9999 -9999 -9999 -9999 -9999 -9999 -9999 -9999 -9999 -9999 -9999 -9999 -9999 -9999 -9999 -9999 -9999 -9999 -9999 -9999 -9999 -9999 -9999 -9999 -9999 -9999 -9999 -9999 -9999 -9999 -9999 -9999 -9999 -9999 -9999 -9999
-9999 -9999 -9999 -9999 -9999 -9999 -9999 -9999 -9999 -9999 -9999 -9999 -9999 -9999 -9999 -9999 -9999 -9999 -9999 -9999 -9999 -9999 -9999 -9999 -9999 -9999 -9999 -9999 -9999 -9999 -9999 -9999 -9999 -9999 -9999 -9999 -9999 -9999 -9999 -9999 -9999 -9999 -9999 -9999 -9999 -9999 -9999 -9999 -9999 -9999 -9999 -9999 -9999 -9999 -9999 -9999 -9999 -9999 -9999 -9999 -9999 -9999 -9999 -9999 -9999 -9999 -9999 -9999 -9999
-9999 -9999 -9999 -9999 -9999 -9999 -9999 -9999 -9999 -9999 -9999 -9999 -9999 -9999 -9999 -9999 -9999 -9999 -9999 -9999 -9999 -9999 -9999 -9999 -9999 -9999 -9999 -9999 -9999 -9999 -9999 -9999 -9999 -9999 -9999 -9999 -9999 -9999 -9999 -9999 -9999 -9999 -9999 -9999 -9999 -9999 -9999 -9999 -9999 -9999 -9999 -9999 -9999 -9999 -9999 -9999 -9999 -9999 -9999 -9999 -9999 -9999 -9999 -9999 -9999 -9999 -9999 -9999 -9999
-9999 -9999 -9999 -9999 -9999 -9999 -9999 -9999 -9999 -9999 -9999 -9999 -9999 -9999 -9999 -9999 -9999 -9999 -9999 -9999 -9999 -9999 -9999 -9999 -9999 -9999 -9999 -9999 -9999 -9999 -9999 -9999 -9999 -9999 -9999 -9999 -9999 -9999 -9999 -9999 -9999 -9999 -9999 -9999 -9999 -9999 -9999 -9999 -9999 -9999 -9999 -9999 -9999 -9999 -9999 -9999 -9999 -9999 -9999 -9999 -9999 -9999 -9999 -9999 -9999 -9999 -9999 -9999 -9999
-9999 -9999 -9999 -9999 -9999 -9999 -9999 -9999 -9999 -9999 -9999 -9999 -9999 -9999 -9999 -9999 -9999 -9999 -9999 -9999 -9999 -9999 -9999 -9999 -9999 -9999 -9999 -9999 -9999 -9999 -9999 -9999 -9999 -9999 -9999 -9999 -9999 -9999 -9999 -9999 -9999 -9999 -9999 -9999 -9999 -9999 -9999 -9999 -9999 -9999 -9999 -9999 -9999 -9999 -9999 -9999 -9999 -9999 -9999 -9999 -9999 -9999 -9999 -9999 -9999 -9999 -9999 -9999 -9999
-9999 -9999 -9999 -9999 -9999 -9999 -9999 -9999 -9999 3474.449 3474.683 3474.779 3474.824 -9999 -9999 -9999 -9999 -9999 -9999 -9999 -9999 -9999 -9999 -9999 -9999 -9999 -9999 -9999 -9999 -9999 -9999 -9999 -9999 -9999 -9999 -9999 -9999 -9999 -9999 -9999 -9999 -9999 -9999 -9999 -9999 -9999 -9999 -9999 -9999 -9999 -9999 -9999 -9999 -9999 -9999 -9999 -9999 -9999 -9999 -9999 -9999 -9999 -9999 -9999 -9999 -9999 -9999 -9999 -9999
-9999 -9999 -9999 -9999 -9999 -9999 -9999 3474.283 3474.094 3473.873 3474.199 3474.526 3474.831 3474.876 -9999 -9999 -9999 -9999 -9999 -9999 -9999 -9999 -9999 -9999 -9999 -9999 -9999 -9999 -9999 -9999 -9999 -9999 -9999 -9999 -9999 -9999 -9999 -9999 -9999 -9999 -9999 -9999 -9999 -9999 -9999 -9999 -9999 -9999 -9999 -9999 -9999 -9999 -9999 -9999 -9999 -9999 -9999 -9999 -9999 -9999 -9999 -9999 -9999 -9999 -9999 -9999 -9999 -9999 -9999
-9999 -9999 -9999 -9999 -9999 -9999 3473.814 3473.738 3472.98 3473.39 3473.717 3474.043 3474.369 3474.695 3474.929 -9999 -9999 -9999 -9999 -9999 -9999 -9999 -9999 -9999 -9999 -9999 -9999 -9999 -9999 -9999 -9999 -9999 -9999 -9999 -9999 -9999 -9999 -9999 -9999 -9999 -9999 -9999 -9999 -9999 -9999 -9999 -9999 -9999 -9999 -9999 -9999 -9999 -9999 -9999 -9999 -9999 -9999 -9999 -9999 -9999 -9999 -9999 -9999 -9999 -9999 -9999 -9999 -9999 -9999
3471.525 3471.535 3471.898 3472.188 3472.438 3472.655 3472.819 3472.625 3472.581 3472.907 3473.233 3473.56 3473.886 3474.208 3474.524 3475.089 -9999 -9999 -9999 -9999 -9999 -9999 -9999 -9999 -9999 -9999 -9999 -9999 -9999 -9999 -9999 -9999 -9999 -9999 -9999 -9999 -9999 -9999 -9999 -9999 -9999 -9999 -9999 -9999 -9999 -9999 -9999 -9999 -9999 -9999 -9999 -9999 -9999 -9999 -9999 -9999 -9999 -9999 -9999 -9999 -9999 -9999 -9999 -9999 -9999 -9999 -9999 -9999 -9999
3469.963 3469.956 3470.144 3470.557 3471.091 3471.326 3471.474 3471.548 3472.098 3472.424 3472.746 3473.061 3473.376 3473.691 3473.922 3474.238 3475.318 -9999 -9999 -9999 -9999 -9999 -9999 -9999 -9999 -9999 -9999 -9999 -9999 -9999 -9999 -9999 -9999 -9999 -9999 -9999 -9999 -9999 -9999 -9999 -9999 -9999 -9999 -9999 -9999 -9999 -9999 -9999 -9999 -9999 -9999 -9999 -9999 -9999 -9999 -9999 -9999 -9999 -9999 -9999 -9999 3514.734 3514.576 3514.671 3514.78 3515.035 3515.36 3515.906 3516.683
3467.918 3467.858 3468.056 3468.515 3469.089 3469.993 3470.317 3471.127 3471.598 3471.913 3472.228 3472.543 3472.859 3473.174 3473.297 3473.411 3474.466 3475.558 -9999 -9999 -9999 -9999 -9999 -9999 -9999 -9999 -9999 -9999 -9999 -9999 -9999 -9999 -9999 -9999 -9999 -9999 -9999 -9999 -9999 -9999 -9999 -9999 -9999 -9999 -9999 3512.258 3512.337 3512.556 3512.728 3512.949 3513.231 -9999 -9999 -9999 -9999 -9999 -9999 -9999 3513.014 3513.28 3513.344 3513.307 3513.541 3513.601 3513.698 3513.63 3513.855 3514.027 3514.803
3465.806 3465.731 3465.976 3466.506 3467.297 3468.259 3469.427 3470.167 3471.019 3471.386 3471.711 3472.026 3472.341 3472.556 3472.671 3472.785 3473.618 3474.851 3475.453 3475.749 -9999 -9999 -9999 -9999 -9999 -9999 -9999 -9999 -9999 -9999 -9999 -9999 -9999 -9999 -9999 -9999 -9999 -9999 -9999 -9999 -9999 -9999 -9999 3510.761 3511.004 3511.057 3511.173 3511.398 3511.688 3511.867 3512.073 3512.532 3513.017 -9999 3513.179 3513.021 3512.875 3512.669 3512.357 3512.034 3511.979 3512.04 3512.306 3512.457 3512.547 3512.398 3512.143 3512.23 3512.941
3463.342 3463.454 3463.913 3464.8 3465.747 3466.82 3467.895 3469.122 3470.149 3470.783 3471.151 3471.509 3471.816 3471.931 3472.043 3472.144 3472.865 3474.144 3474.817 3475.17 3475.899 3476.952 3478.118 -9999 -9999 -9999 -9999 -9999 -9999 -9999 -9999 -9999 -9999 -9999 -9999 -9999 -9999 -9999 -9999 -9999 -9999 -9999 3509.224 3509.582 3509.695 3509.721 3509.776 3509.961 3510.234 3510.641 3511.003 3511.55 3512.141 3512.469 3512.504 3512.424 3512.254 3511.917 3511.382 3510.858 3510.686 3510.624 3510.683 3510.89 3510.958 3510.662 3510.384 3510.49 3510.884
3459.523 3459.947 3461.429 3462.558 3464.015 3465.091 3466.177 3467.304 3468.54 3469.524 3469.986 3470.409 3470.776 3471.187 3471.361 3471.584 3472.104 3473.213 3474.129 3474.528 3475.206 3476.148 3477.257 3478.554 3480.689 3483.304 3485.486 -9999 -9999 -9999 -9999 -9999 -9999 -9999 -9999 -9999 -9999 -9999 -9999 3506.329 3507.142 3507.621 3508.1 3507.993 3507.923 3507.825 3507.471 3507.616 3508.425 3508.971 3509.636 3510.253 3510.872 3511.404 3511.56 3511.528 3511.35 3510.942 3510.2 3509.502 3509.002 3508.553 3508.526 3508.731 3508.681 3508.398 3508.26 3508.377 3508.803
3455.211 3456.915 3458.542 3460.354 3461.811 3463.117 3464.221 3465.389 3466.659 3467.563 3468.359 3468.798 3469.099 3469.501 3469.934 3470.51 3471.049 3471.851 3472.81 3473.806 3474.497 3475.345 3476.173 3477.448 3479.924 3482.602 3484.827 3487.575 3490.261 3491.927 3493.117 3494.069 3495.046 3496.089 3497.721 3499.52 3501.053 3502.532 3504.17 3505.356 3506.119 3506.573 3506.606 3506.447 3506.019 3505.401 3505.083 3505.353 3506.164 3507.068 3507.779 3508.553 3509.561 3510.198 3510.494 3510.449 3510.108 3509.571 3508.68 3507.692 3506.94 3506.359 3506.316 3506.097 3506.018 3506.046 3505.959 3506.113 3506.452
3452.428 3454.137 3456.246 3458.126 3459.928 3461.17 3462.26 3463.496 3464.826 3465.698 3466.522 3467.327 3467.661 3468.057 3468.675 3469.291 3469.952 3470.734 3471.609 3472.601 3473.573 3474.225 3475.025 3476.189 3478.648 3481.748 3484.058 3486.834 3489.455 3491.107 3492.145 3493 3493.869 3494.9 3496.308 3498.061 3499.433 3500.604 3502.196 3503.53 3504.308 3504.8 3504.818 3504.444 3503.77 3503.305 3503.224 3503.584 3504.299 3505.01 3505.599 3506.776 3507.917 3508.741 3509.088 3508.982 3508.565 3507.613 3506.275 3505.229 3504.763 3504.264 3503.952 3503.733 3503.548 3503.561 3503.645 3503.835 3504.194
3450.18 3451.646 3453.744 3456.21 3458.096 3459.364 3460.439 3461.635 3462.705 3463.585 3464.659 3465.535 3466.236 3466.775 3467.442 3468.314 3468.975 3469.54 3470.362 3471.333 3472.255 3472.901 3473.618 3474.798 3477.182 3480.298 3483.012 3485.769 3488.357 3489.75 3490.564 3491.31 3492.164 3492.892 3494.207 3495.544 3496.825 3497.969 3499.222 3499.644 3500.487 3500.605 3500.606 3500.332 3499.761 3499.649 3499.683 3499.856 3500.312 3500.908 3501.564 3501.76 3503.083 3503.972 3504.211 3504.573 3504.052 3503.969 3502.867 3501.935 3501.544 3501.632 3501.396 3501.265 3501.114 3501.177 3501.356 3501.564 3501.908
3447.508 3448.91 3450.96 3453.442 3455.824 3457.257 3458.409 3459.406 3460.406 3461.034 3462.048 3463.125 3463.96 3465.094 3465.96 3466.861 3467.699 3468.273 3468.774 3469.634 3470.305 3471.015 3471.769 3473.113 3475.537 3478.929 3481.629 3483.952 3486.288 3487.418 3487.236 3487.696 3488.518 3489.27 3489.986 3491.38 3491.079 3492.135 3493.737 3494.705 3494.962 3494.964 3494.965 3494.966 3494.776 3494.777 3494.872 3495.039 3495.206 3495.708 3495.905 3496.101 3496.298 3497.144 3497.49 3497.865 3498.066 3498.156 3498.211 3497.522 3497.686 3497.774 3497.88 3497.847 3498.155 3498.305 3498.793 3498.937 3499.254
3445.385 3446.552 3448.008 3450.458 3452.808 3454.531 3456.221 3457.261 3458.011 3458.507 3459.276 3460.209 3461.442 3462.543 3463.551 3464.857 3465.77 3466.616 3467.329 3467.813 3468.231 3468.941 3469.687 3471.068 3473.887 3477.28 3479.624 3481.899 3483.355 3483.637 3483.093 3483.509 3483.937 3484.451 3485.003 3485.38 3483.9 3485.175 3486.868 3488.099 3488.318 3488.32 3488.793 3490.127 3490.123 3490.124 3488.714 3488.395 3488.682 3489.04 3489.294 3489.549 3490.614 3491.846 3492.396 3492.544 3492.692 3492.76 3493.156 3493.575 3493.797 3494.213 3494.387 3494.7 3495.084 3495.519 3496.136 3496.455 3496.902
3443.228 3444.021 3445.406 3447.075 3449.303 3451.012 3452.693 3454.552 3455.548 3456.096 3456.666 3457.545 3458.444 3459.51 3460.833 3462.185 3463.431 3464.76 3465.592 3466.204 3466.673 3467.161 3467.881 3469.386 3472.073 3474.447 3476.748 3478.358 3479.331 3480.174 3480.142 3480.443 3480.716 3480.988 3481.241 3480.606 3479.856 3480.33 3480.682 3480.946 3482.069 3483.441 3484.813 3485.58 3485.576 3485.573 3484.687 3482.282 3482.401 3482.67 3483.837 3485.072 3486.306 3487.541 3488.765 3489.898 3489.906 3489.725 3489.894 3490.299 3490.732 3491.17 3491.635 3492.068 3492.512 3493.141 3493.709 3494.02 3494.503
3440.522 3441.127 3441.779 3443.106 3444.783 3446.55 3448.591 3450.642 3452.126 3453.071 3453.734 3454.698 3455.69 3456.829 3458.1 3459.188 3460.335 3461.594 3462.825 3464.116 3464.923 3465.601 3466.435 3467.899 3469.266 3471.414 3473.288 3474.157 3475.128 3475.877 3476.376 3476.876 3477.376 3477.876 3478.259 3478.531 3478.785 3478.643 3479.114 3479.141 3479.154 3480.006 3480.877 3481.033 3481.029 3481.026 3480.812 3480.727 3480.635 3480.757 3481.333 3481.909 3482.485 3483.234 3484.461 3486.104 3486.418 3486.263 3486.579 3487.115 3488.083 3488.636 3488.967 3489.447 3490.116 3490.783 3491.433 3491.745 3492.334
3437.708 3437.93 3438.275 3438.884 3440.354 3442.349 3444.6 3446.748 3448.572 3449.826 3450.88 3452.044 3453.285 3454.539 3455.507 3456.353 3457.611 3458.879 3460.197 3462.178 3463.478 3464.451 3465.265 3465.898 3467.308 3468.538 3469.125 3469.957 3470.688 3471.188 3471.688 3472.349 3473.117 3473.885 3474.652 3475.42 3476.188 3476.956 3477.419 3477.375 3477.332 3477.359 3477.643 3478.423 3478.438 3478.585 3478.899 3478.89 3478.798 3478.845 3479.421 3479.997 3480.573 3481.081 3481.59 3482.71 3482.888 3483.406 3483.75 3484.415 3485.475 3486.338 3486.869 3487.391 3488.097 3489.115 3489.809 3490.077 3490.256
3435.172 3434.995 3434.828 3435.442 3437.026 3438.466 3440.498 3442.979 3445.218 3446.959 3448.194 3449.596 3450.917 3452.235 3453.465 3454.361 3455.598 3456.994 3458.01 3459.668 3461.561 3462.704 3463.205 3463.752 3464.896 3465.352 3465.935 3466.957 3467.958 3468.76 3469.563 3470.365 3471.168 3471.97 3472.773 3473.575 3474.378 3475.18 3475.806 3476.096 3476.387 3476.529 3476.482 3476.516 3476.519 3476.666 3476.959 3476.968 3476.961 3476.932 3477.508 3478.067 3478.536 3479.004 3479.513 3480.029 3480.532 3481.052 3481.778 3482.406 3483.032 3484.008 3485.074 3485.688 3486.377 3487.441 3488.377 3488.465 3488.544
3433.094 3432.475 3432.321 3432.656 3433.768 3434.993 3436.722 3439.327 3442.126 3444.019 3445.558 3446.962 3448.271 3449.612 3451.102 3452.716 3453.985 3455.086 3456.053 3457.166 3458.96 3460.052 3460.689 3461.255 3461.71 3462.165 3463.18 3464.656 3465.705 3466.508 3467.31 3468.113 3468.915 3469.718 3470.52 3471.322 3472.125 3472.758 3473.091 3473.828 3474.565 3475.128 3475.503 3475.502 3475.542 3475.561 3475.563 3475.359 3475.131 3475.032 3475.522 3475.99 3476.459 3476.928 3477.437 3477.913 3478.382 3478.955 3479.28 3480.683 3481.441 3482.227 3483.229 3483.804 3484.459 3485.317 3486.2 3486.187 3486.183
3430.988 3430.442 3430.444 3430.771 3431.405 3432.056 3433.651 3435.301 3438 3440.469 3442.033 3443.292 3444.622 3446.187 3448.273 3450.014 3451.72 3452.837 3453.762 3454.807 3455.863 3456.829 3457.4 3457.866 3458.33 3459.491 3460.88 3462.356 3463.452 3464.255 3465.057 3465.86 3466.662 3467.465 3468.267 3469.07 3469.569 3470.283 3470.211 3470.913 3471.649 3472.386 3473.123 3473.804 3474.104 3474.359 3474.36 3474.268 3474.044 3473.904 3473.763 3474.106 3474.46 3474.851 3475.328 3475.512 3475.661 3475.809 3476.496 3477.807 3478.758 3479.529 3480.612 3481.226 3481.673 3482.525 3483.137 3482.956 3482.988
3429.104 3428.612 3428.466 3428.843 3429.199 3429.77 3430.793 3432.397 3434.427 3436.291 3437.77 3439.131 3440.555 3442.278 3444.437 3446.645 3448.228 3449.526 3450.651 3451.723 3453.895 3454.173 3454.109 3454.634 3455.752 3457.284 3458.579 3460.055 3461.199 3462.002 3462.804 3463.607 3464.409 3465.212 3465.885 3466.38 3466.976 3467.823 3467.427 3467.997 3468.734 3469.471 3470.208 3470.839 3471.447 3472.055 3472.529 3472.891 3473.068 3472.927 3472.787 3472.646 3472.891 3473.245 3472.839 3472.818 3472.922 3473.072 3473.626 3474.167 3475.158 3476.098 3477.142 3478.143 3478.595 3479.71 3480.294 3480.242 3480.658
