1.0/DEMs/bedrockdem.txt
ncols         262
nrows         205
xllcorner     641625.7215
yllcorner     155080.5477
cellsize      2
NODATA_value  -9999
[rows 0 to 29 of 205, columns 0 to 68 of 262]
3276.992 3275.604 3275.309 3275.542 3276.603 3278.244 3280.26 3282.259 3283.558 3283.996 3284.236 3284.947 3286.354 3287.961 3289.599 3289.608 3289.617 3289.594 3289.657 3288.329 3285.775 3283.07 3281.164 3279.705 3277.868 3275.433 3272.376 3269.182 3266.394 3265.041 3264.587 3264.534 3264.882 3265.307 3265.54 3265.624 3265.445 3265.313 3265.386 3265.543 3265.581 3265.788 3266.472 3267.623 3268.691 3269.884 3270.622 3271.242 3271.833 3271.935 3271.582 3271.435 3271.375 3271.638 3272.278 3274.184 3275.465 3276.229 3276.164 3276.21 3275.826 3275.927 3276.481 3277.06 3277.657 3278.326 3279.016 3279.646 3280.308
3278.814 3277.531 3277.589 3278.016 3278.847 3280.382 3282.453 3284.207 3285.369 3285.911 3286.126 3286.827 3288.46 3290.583 3292.683 3293.825 3294.033 3293.846 3292.922 3291.376 3288.378 3285.261 3283.174 3281.534 3279.748 3277.994 3275.505 3273.344 3270.766 3268.983 3267.49 3267.248 3267.41 3267.886 3268.371 3268.45 3268.343 3268.166 3267.978 3268.103 3268.165 3269.111 3270.214 3271.081 3272.034 3272.916 3273.457 3273.973 3274.897 3275.291 3275.317 3274.8 3274.806 3275.056 3275.636 3276.476 3277.799 3278.024 3278.231 3278.282 3278.159 3278.122 3278.681 3279.266 3279.875 3280.546 3281.232 3281.867 3282.538
3280.881 3280.336 3280.507 3281.297 3282.126 3283.154 3284.791 3286.582 3287.697 3288.232 3288.552 3289.248 3290.731 3292.835 3294.956 3296.071 3296.414 3296.009 3295.079 3293.406 3290.477 3287.614 3285.679 3283.979 3282.04 3280.256 3278.644 3276.696 3275.174 3273.878 3272.496 3271.567 3271.501 3271.568 3272.03 3271.985 3271.962 3271.78 3271.902 3272.01 3272.433 3273.33 3274.007 3274.775 3275.356 3276.067 3276.628 3277.351 3278.243 3278.696 3278.747 3278.65 3278.936 3279.179 3279.349 3279.94 3279.557 3279.781 3280.148 3279.933 3279.829 3280.435 3281.054 3281.689 3282.302 3282.987 3283.673 3284.309 3284.988
3283.641 3283.258 3283.85 3284.696 3285.565 3286.561 3288.04 3289.04 3290.083 3290.58 3290.942 3291.715 3293.122 3294.743 3296.241 3297.488 3297.803 3297.376 3296.462 3294.828 3292.31 3290.263 3288.433 3286.573 3284.57 3282.568 3280.949 3279.719 3279.31 3278.259 3277.675 3276.746 3275.725 3275.622 3275.407 3275.746 3275.757 3275.826 3275.717 3275.935 3276.367 3276.7 3277.284 3277.755 3278.429 3279.134 3279.778 3280.509 3281.25 3281.697 3281.885 3282.294 3282.594 3282.8 3282.92 3282.561 3282.178 3282.219 3281.986 3281.695 3281.873 3282.479 3283.33 3283.981 3284.636 3285.325 3286.025 3286.665 3287.345
3286.082 3286.134 3286.665 3287.728 3288.987 3290.132 3291.153 3291.895 3292.564 3293.01 3293.615 3294.281 3295.173 3296.062 3297.524 3298.65 3298.803 3298.33 3297.409 3295.942 3293.806 3291.969 3290.524 3288.71 3286.809 3284.713 3283.071 3282.02 3281.613 3281.464 3281.159 3280.313 3279.394 3278.819 3278.826 3279.186 3279.165 3279.048 3279.022 3279.279 3279.411 3279.577 3279.882 3280.363 3281.028 3281.708 3282.265 3282.848 3283.604 3284.236 3284.726 3285.086 3285.2 3285.251 3285.125 3284.801 3284.428 3284.131 3283.857 3283.667 3283.818 3284.412 3285.271 3286.063 3286.776 3287.513 3288.21 3288.879 3289.556
3288.666 3288.58 3289.421 3290.687 3291.947 3293.014 3293.939 3294.577 3295.24 3295.754 3296.291 3296.789 3297.569 3298.515 3299.159 3299.882 3299.958 3299.391 3298.27 3296.902 3295.105 3293.407 3292.101 3290.581 3288.6 3286.494 3284.977 3284.434 3284.194 3284.214 3284.119 3283.629 3282.993 3282.525 3282.101 3282.062 3282.139 3282.129 3282.492 3282.535 3282.365 3282.317 3282.494 3282.92 3283.47 3284.184 3284.842 3285.356 3286.06 3286.766 3287.09 3286.973 3286.882 3286.895 3286.956 3287.052 3286.822 3286.497 3286.236 3286.002 3285.829 3286.375 3287.307 3288.23 3289.086 3289.903 3290.645 3291.321 3291.919
3291.425 3291.427 3291.89 3293.271 3294.458 3295.424 3296.178 3296.901 3297.539 3298.343 3298.814 3299.325 3300.157 3300.824 3301.389 3301.276 3301.142 3300.48 3299.242 3297.72 3295.972 3294.438 3293.468 3292.099 3290.149 3288.185 3286.781 3286.75 3286.905 3286.806 3286.693 3286.433 3286.076 3285.758 3285.201 3284.741 3284.627 3285.107 3285.684 3285.709 3285.575 3285.446 3285.411 3285.194 3285.663 3286.497 3287.245 3287.866 3288.437 3288.969 3288.882 3288.596 3288.287 3288.288 3288.429 3289.081 3289.276 3289.236 3288.832 3288.197 3287.88 3288.194 3289.109 3290.056 3291.056 3291.979 3292.901 3293.592 3294.307
3294.742 3294.711 3295.111 3295.629 3296.671 3297.172 3297.896 3299.18 3300.054 3300.788 3300.543 3301.013 3302.211 3302.974 3303.122 3302.871 3302.402 3301.573 3300.352 3298.908 3297.187 3295.71 3294.682 3293.462 3291.851 3290.082 3289.651 3289.556 3289.34 3289.23 3289.012 3288.7 3288.366 3288.198 3287.671 3287.196 3287.063 3287.84 3288.545 3288.656 3288.609 3288.5 3288.153 3287.823 3287.787 3288.609 3289.305 3289.957 3290.507 3290.595 3290.458 3290.176 3289.949 3290.128 3290.572 3291.33 3292.242 3292.092 3290.865 3290.116 3289.625 3289.906 3290.74 3291.701 3292.706 3293.86 3294.814 3295.625 3296.352
3298.512 3298.464 3298.351 3298.794 3299.146 3299.057 3299.634 3300.811 3302.087 3302.653 3302.401 3302.783 3304.044 3305.36 3305.387 3304.682 3304.039 3303.078 3301.847 3300.427 3298.825 3297.332 3296.12 3294.981 3293.594 3292.903 3292.458 3292.138 3291.827 3291.596 3291.098 3290.73 3290.704 3290.556 3290.232 3289.79 3289.57 3290.46 3291.416 3291.623 3291.411 3291.362 3291.028 3290.046 3289.967 3290.649 3291.318 3292.102 3292.599 3292.587 3292.191 3292.059 3292.112 3292.447 3293.131 3294.173 3294.757 3294.276 3293.495 3292.297 3291.611 3291.716 3292.485 3293.363 3294.364 3295.528 3296.632 3297.547 3298.365
3303.103 3302.694 3302.502 3302.211 3302.158 3302.059 3302.292 3303.334 3303.926 3304.433 3305.077 3305.659 3306.876 3307.956 3308.029 3307.635 3306.883 3305.539 3303.763 3302.204 3300.88 3299.486 3298.6 3297.545 3296.618 3295.884 3295.363 3294.994 3294.678 3294.319 3293.909 3294.108 3294.11 3294.03 3293.792 3293.406 3293.4 3294.077 3294.205 3294.146 3293.798 3293.529 3293.302 3292.768 3292.494 3293.198 3293.966 3294.745 3295.246 3295.289 3294.884 3294.778 3294.962 3295.438 3296.028 3296.509 3296.825 3296.668 3296.162 3294.839 3294.103 3294 3294.616 3295.33 3296.267 3297.419 3298.601 3299.595 3300.567
3307.234 3306.779 3306.079 3305.713 3305.396 3305.266 3305.46 3305.639 3306.145 3306.464 3307.127 3308.296 3309.543 3310.563 3311 3310.674 3309.83 3308.089 3306.019 3304.468 3303.212 3302.198 3301.348 3300.713 3299.797 3298.776 3298.208 3297.737 3297.437 3297.123 3297.151 3297.371 3297.944 3297.923 3297.542 3297.174 3297.085 3296.711 3296.537 3296.101 3295.9 3295.387 3295.006 3295.169 3295.458 3296.01 3296.599 3297.298 3297.664 3297.751 3297.517 3297.471 3297.748 3298.188 3298.719 3298.957 3298.82 3298.44 3297.95 3297.166 3296.906 3296.827 3297.042 3297.502 3298.189 3299.318 3300.479 3301.573 3302.645
3310.546 3309.706 3308.985 3308.413 3308.114 3308.063 3308.208 3308.382 3308.527 3308.838 3309.628 3310.749 3311.459 3312.426 3312.957 3312.829 3312.041 3310.469 3308.798 3307.268 3305.964 3304.834 3304.117 3303.5 3302.708 3301.705 3300.854 3300.33 3299.933 3299.929 3300.011 3300.374 3300.982 3301.359 3300.956 3300.33 3299.871 3299.471 3298.988 3298.55 3297.988 3297.487 3297.278 3297.465 3298.017 3298.628 3299.189 3299.588 3299.862 3299.829 3299.614 3299.838 3300.187 3300.561 3300.826 3300.765 3300.42 3300.077 3299.71 3299.668 3299.506 3299.561 3299.642 3299.811 3300.422 3301.188 3302.315 3303.348 3304.527
3313.964 3313.234 3312.385 3311.766 3311.386 3311.405 3311.579 3312.083 3312.286 3312.55 3313.255 3313.843 3314.529 3315.12 3314.817 3314.627 3314.25 3313.14 3312.073 3310.465 3308.769 3307.257 3306.531 3305.906 3305.173 3304.759 3303.983 3303.283 3302.256 3302.212 3302.484 3302.964 3304.042 3304.446 3304.194 3304.105 3303.72 3303.043 3302.318 3301.091 3300.427 3299.932 3299.809 3300.268 3300.88 3301.428 3301.854 3302.175 3302.361 3302.324 3302.339 3302.583 3302.902 3303.203 3303.351 3302.931 3302.51 3302.13 3302.104 3302.11 3302.309 3302.47 3302.699 3302.877 3303.103 3303.76 3304.394 3305.277 3306.444
3316.963 3316.982 3316.371 3315.685 3315.385 3315.414 3315.673 3316.035 3316.247 3316.75 3317.089 3317.657 3317.968 3317.871 3317.394 3316.847 3316.301 3315.834 3314.471 3312.751 3310.741 3309.168 3308.361 3307.718 3307.213 3306.896 3306.466 3305.413 3304.388 3304.372 3304.846 3305.909 3307.012 3307.284 3307.428 3307.644 3307.531 3306.637 3305.121 3303.759 3302.728 3302.234 3302.271 3302.719 3303.364 3303.93 3304.337 3304.658 3304.872 3304.94 3305.035 3305.308 3305.669 3306.002 3306.121 3305.596 3304.843 3304.49 3304.47 3304.633 3304.88 3305.193 3305.463 3305.694 3305.923 3306.195 3306.649 3307.29 3308.301
3320.132 3320.766 3320.467 3320.004 3319.764 3319.798 3319.967 3320.226 3320.429 3320.802 3320.792 3321.199 3321.451 3321.153 3320.269 3319.305 3318.457 3317.684 3316.328 3314.505 3312.407 3310.766 3309.937 3309.411 3309.002 3308.807 3308.413 3307.438 3307.088 3307.294 3307.891 3308.982 3309.833 3310.092 3310.245 3310.359 3310.066 3309.272 3307.603 3305.96 3304.939 3304.48 3304.421 3304.85 3305.531 3306.12 3306.552 3306.939 3307.271 3307.461 3307.619 3307.925 3308.396 3308.774 3308.748 3308.078 3307.267 3306.879 3306.834 3306.929 3307.217 3307.561 3307.871 3308.113 3308.344 3308.605 3308.862 3309.232 3310.031
3322.804 3323.857 3324.654 3324.44 3324.323 3324.385 3324.545 3324.777 3324.986 3325.117 3325.147 3325.156 3325.381 3325.017 3323.975 3322.265 3321.184 3320.213 3319.119 3317.141 3315.023 3313.252 3312.354 3311.757 3311.365 3310.633 3310.22 3310.306 3310.187 3310.526 3311.086 3312.039 3312.835 3313.019 3312.837 3312.757 3312.368 3311.572 3310.199 3308.471 3307.29 3307.14 3307.079 3307.062 3307.654 3308.276 3308.724 3309.135 3309.752 3310.099 3310.308 3310.617 3311.261 3311.717 3311.647 3310.767 3309.887 3309.424 3309.342 3309.381 3309.613 3309.905 3310.23 3310.481 3310.721 3310.987 3311.277 3311.611 3312.015
3325.866 3327.356 3328.3 3329.121 3329.096 3329.236 3329.386 3329.591 3329.79 3329.921 3330.096 3329.896 3329.708 3328.87 3327.488 3325.59 3324.265 3323.324 3322.196 3320.906 3318.743 3316.896 3315.905 3314.767 3313.859 3313.109 3313.059 3313.248 3313.82 3314.172 3314.462 3314.851 3315.515 3315.636 3315.527 3315.56 3315.196 3314.584 3313.311 3312.301 3311.351 3310.743 3310.219 3310.174 3310.286 3310.838 3311.218 3311.652 3312.245 3312.889 3313.196 3313.967 3314.665 3315.143 3314.859 3313.917 3312.858 3312.393 3312.236 3312.266 3312.355 3312.637 3312.912 3313.165 3313.405 3313.664 3313.949 3314.199 3314.578
3329.453 3330.897 3332.165 3333.182 3333.825 3333.771 3333.582 3333.64 3333.71 3333.571 3333.513 3333.119 3332.557 3331.613 3330.012 3328.154 3326.785 3325.851 3325.12 3324.002 3322.244 3320.525 3319.319 3317.828 3316.6 3315.978 3315.988 3316.598 3317.221 3317.589 3317.655 3317.847 3317.911 3318.012 3318.06 3318.104 3317.951 3317.729 3316.874 3316.08 3315.168 3314.273 3313.724 3313.517 3313.372 3313.616 3313.8 3314.203 3314.702 3315.338 3316.01 3317.185 3318.065 3318.485 3318.141 3316.84 3315.763 3315.284 3315.117 3315.111 3315.151 3315.347 3315.571 3315.785 3315.99 3316.243 3316.485 3316.656 3316.915
3333.617 3335.032 3336.329 3337.801 3338.48 3338.221 3337.553 3337.338 3336.554 3336.251 3335.515 3335.053 3334.289 3333.4 3331.837 3330.119 3328.775 3327.981 3327.368 3326.552 3325.274 3323.583 3321.913 3320.42 3319.307 3318.749 3319.076 3319.7 3320.301 3320.473 3320.51 3320.237 3320.342 3320.705 3320.676 3320.567 3320.535 3320.328 3319.935 3319.174 3318.391 3317.59 3317.018 3316.721 3316.556 3316.425 3316.59 3316.944 3317.47 3318.295 3319.098 3320.253 3321.138 3321.503 3320.92 3319.616 3318.52 3318.044 3317.872 3317.797 3317.826 3317.875 3318.058 3318.198 3318.382 3318.507 3318.674 3318.812 3318.761
3338.968 3340.375 3341.29 3342.661 3343.684 3343.723 3343.07 3341.516 3340.399 3338.38 3337.489 3336.428 3335.602 3334.671 3333.571 3331.968 3330.976 3330.199 3329.692 3328.944 3327.622 3326.173 3324.559 3323.182 3322.157 3322.189 3322.508 3322.769 3323.193 3323.359 3323.424 3323.239 3323.428 3323.733 3323.838 3323.764 3323.688 3323.334 3322.825 3322.109 3321.429 3320.615 3319.942 3319.74 3319.748 3319.689 3319.775 3320.085 3320.912 3321.804 3322.595 3323.098 3323.813 3323.886 3323.373 3322.597 3321.566 3321.13 3320.86 3320.762 3320.702 3320.734 3320.782 3320.829 3320.732 3320.777 3320.701 3320.794 3320.805
3344.268 3345.563 3346.35 3347.347 3348.233 3348.604 3348.212 3346.567 3343.955 3341.783 3340.176 3338.251 3337.207 3336.528 3335.451 3334.084 3333.076 3332.282 3331.66 3330.966 3329.868 3328.437 3327.311 3325.982 3325.229 3325.387 3325.684 3326.039 3326.26 3326.369 3326.457 3326.643 3326.915 3327.054 3327.08 3327.096 3327.052 3326.7 3326.035 3325.321 3324.495 3323.508 3322.627 3322.282 3322.373 3322.534 3322.593 3322.738 3323.51 3324.523 3325.118 3325.52 3325.543 3325.634 3325.5 3325.09 3324.375 3323.957 3323.632 3323.436 3323.365 3323.275 3323.232 3323.164 3322.853 3322.653 3322.687 3322.752 3322.942
3348.823 3350.03 3350.793 3351.437 3352.314 3352.589 3352.047 3350.443 3348.294 3346.149 3343.447 3341.425 3339.914 3339.131 3337.955 3336.606 3335.349 3334.31 3333.625 3332.812 3331.751 3330.709 3329.611 3328.901 3328.367 3328.54 3328.894 3329.24 3329.361 3329.453 3329.873 3329.95 3330.162 3330.135 3330.079 3330 3330.012 3329.946 3329.333 3328.63 3327.696 3326.537 3325.239 3324.825 3324.898 3325.029 3324.948 3325.049 3325.776 3326.385 3326.903 3326.951 3326.969 3327.149 3327.192 3326.823 3326.57 3326.199 3325.849 3325.638 3325.507 3325.419 3325.308 3324.978 3324.582 3324.43 3324.456 3324.559 3324.76
3352.875 3353.989 3354.643 3355.322 3355.948 3355.683 3354.672 3353.484 3352.142 3350.15 3347.432 3345.588 3343.769 3342.198 3340.622 3339.352 3338.227 3337.164 3335.926 3334.732 3334.065 3333.263 3332.442 3331.71 3331.624 3331.923 3332.244 3332.359 3332.674 3332.601 3332.822 3332.753 3332.983 3332.688 3332.281 3332.264 3332.515 3332.783 3332.907 3332.229 3331.071 3329.896 3328.795 3328.326 3328.13 3327.894 3327.878 3328.036 3328.619 3328.839 3328.749 3328.782 3328.926 3328.974 3328.974 3328.641 3328.296 3327.973 3327.719 3327.561 3327.507 3327.548 3327.537 3327.192 3326.52 3326.32 3326.171 3326.433 3326.844
3356.144 3357.222 3357.758 3358.153 3358.086 3357.523 3356.777 3355.829 3354.69 3353.087 3350.598 3348.483 3346.271 3344.517 3343.263 3342.024 3341.467 3340.233 3338.624 3337.096 3336.404 3335.334 3334.463 3333.972 3334.136 3334.499 3334.826 3334.971 3335.274 3335.051 3335.113 3334.842 3334.828 3334.494 3334.142 3334.159 3334.55 3335.256 3335.597 3335.267 3334.46 3333.459 3332.544 3331.758 3331.163 3330.795 3330.951 3331.299 3331.8 3331.877 3331.715 3331.783 3331.78 3331.39 3331.259 3330.823 3330.12 3329.766 3329.659 3329.599 3329.666 3329.854 3330.002 3329.543 3328.913 3328.635 3328.502 3328.854 3329.487
3359.591 3360.625 3361.199 3361.299 3360.006 3359.052 3358.107 3357.046 3355.944 3354.736 3352.691 3350.321 3348.028 3346.349 3345.433 3344.554 3344.116 3343.219 3341.878 3340.283 3338.746 3336.97 3335.971 3335.565 3335.811 3336.252 3336.584 3336.929 3337.218 3337.095 3336.887 3336.754 3336.527 3336.33 3336.454 3336.432 3336.543 3337.055 3337.392 3337.742 3337.475 3336.793 3335.817 3334.886 3333.867 3333.392 3333.882 3334.412 3335.131 3335.399 3335.616 3335.583 3335.501 3335.153 3334.667 3333.792 3333.02 3332.577 3332.019 3331.902 3331.931 3332.152 3332.467 3332.261 3331.807 3331.467 3331.528 3331.633 3332.238
3363.019 3364.234 3364.679 3363.727 3362.385 3360.986 3359.357 3358.246 3357.07 3355.855 3354.16 3351.823 3349.576 3347.936 3347.215 3346.928 3346.56 3346.11 3344.799 3343.051 3341.039 3339.17 3337.866 3337.414 3337.407 3337.827 3338.367 3338.731 3339.05 3339.238 3339.042 3338.958 3338.863 3339.373 3339.594 3339.961 3339.985 3339.776 3339.796 3340.146 3340.396 3339.68 3338.412 3337.392 3336.423 3336.424 3336.923 3337.707 3338.461 3339.168 3339.425 3339.596 3339.769 3339.368 3338.352 3337.394 3336.501 3336.02 3335.295 3334.669 3334.621 3334.744 3335.066 3335.01 3334.808 3334.981 3335.073 3335.186 3335.328
3366.832 3368.034 3367.455 3366.366 3364.749 3363.029 3361.464 3360.05 3358.791 3357.12 3355.395 3353.361 3351.19 3349.879 3349.304 3349.007 3349.036 3348.547 3347.141 3345.458 3343.614 3342.129 3340.963 3339.969 3339.944 3340.168 3340.734 3341.488 3342.065 3342.221 3342.056 3342.001 3342.363 3342.885 3343.603 3344.076 3344.172 3344.286 3344.304 3343.951 3343.886 3342.27 3340.895 3339.653 3339.026 3339.081 3339.982 3340.856 3341.976 3342.725 3343.237 3344.431 3344.781 3344.572 3343.614 3342.758 3341.877 3341 3339.35 3338.586 3338.013 3338.052 3338.14 3338.29 3338.501 3338.832 3339.358 3339.481 3339.545
3369.95 3370.81 3369.968 3368.443 3366.429 3364.85 3363.298 3361.921 3360.333 3358.583 3356.681 3354.606 3352.883 3351.804 3351.322 3351.362 3351.399 3350.504 3349.125 3347.824 3346.227 3344.88 3343.495 3342.99 3343.342 3343.783 3344.508 3345.504 3346.394 3346.07 3345.419 3345.42 3345.798 3346.266 3347.018 3347.922 3347.922 3347.831 3347.693 3347.165 3346.158 3344.83 3343.377 3342.035 3341.146 3341.47 3342.566 3343.835 3345.053 3345.891 3346.702 3348.662 3349.848 3349.557 3349.384 3348.26 3347.666 3346.724 3344.223 3342.547 3341.8 3341.467 3341.458 3341.6 3341.691 3342.452 3343.5 3343.79 3343.626
3372.663 3372.617 3371.636 3369.842 3367.931 3366.292 3364.771 3363.306 3361.611 3359.805 3357.815 3355.999 3354.493 3353.559 3353.277 3353.497 3353.399 3352.63 3351.47 3350.373 3348.547 3347.099 3346.703 3346.795 3347.565 3348.119 3348.722 3349.317 3349.71 3349.162 3348.473 3348.448 3348.772 3349.228 3349.669 3350.111 3349.845 3349.68 3349.574 3349.154 3348.418 3347.434 3346.097 3344.683 3343.859 3344.447 3345.491 3346.657 3347.754 3348.804 3350.459 3352.145 3353.438 3353.372 3353.509 3352.754 3352.042 3350.964 3348.128 3346.204 3345.308 3344.816 3344.51 3344.438 3344.582 3345.637 3346.979 3347.674 3347.602
3376.254 3374.826 3373.133 3371.238 3369.444 3367.842 3366.367 3364.829 3362.885 3360.958 3358.984 3357.293 3356.006 3355.683 3355.538 3355.545 3355.507 3354.899 3354.39 3353.322 3352.033 3350.587 3350.397 3350.929 3351.846 3352.495 3352.989 3352.622 3352.366 3351.502 3350.927 3350.872 3351.432 3351.911 3352.361 3352.417 3351.934 3351.709 3351.969 3351.796 3351.095 3350.171 3349.248 3348.386 3347.88 3348.268 3349.237 3349.815 3350.515 3351.591 3353.017 3354.713 3355.353 3355.584 3355.469 3355.076 3354.429 3353.114 3351.365 3349.9 3349.151 3348.519 3347.716 3347.236 3347.436 3349.014 3350.527 3351.357 3352.391
