1.0/DEMs/completedem.txt
ncols         435
nrows         327
xllcorner     641625.7215
yllcorner     154836.3376
cellsize      2
NODATA_value  -9999
[rows 232 to 260 of 327, columns 192 to 255 of 435]
3387.912 3388.144 3388.393 3388.809 3389.154 3389.444 3389.724 3390.039 3390.481 3391.059 3391.724 3392.222 3392.598 3393 3393.284 3393.629 3394.054 3394.444 3394.741 3395.031 3395.301 3395.549 3395.79 3396.06 3396.334 3396.579 3396.796 3397.009 3397.23 3397.465 3397.856 3398.078 3398.372 3398.699 3399.104 3399.441 3399.82 3400.223 3400.559 3400.799 3401.078 3401.374 3401.676 3402.014 3402.369 3402.765 3403.255 3403.712 3403.998 3404.236 3404.505 3404.743 3404.998 3405.365 3405.815 3406.233 3406.592 3406.938 3407.324 3407.694 3408.036 3408.395 3408.764 3409.138
3387.617 3387.798 3388.023 3388.302 3388.623 3388.923 3389.188 3389.502 3389.856 3390.431 3390.997 3391.501 3391.853 3392.146 3392.452 3392.812 3393.254 3393.676 3393.979 3394.264 3394.533 3394.769 3395.011 3395.275 3395.546 3395.791 3396.036 3396.242 3396.537 3396.821 3397.123 3397.4 3397.761 3398.221 3398.594 3398.855 3399.216 3399.655 3400.027 3400.373 3400.568 3400.835 3401.118 3401.476 3401.931 3402.331 3402.712 3403.094 3403.377 3403.711 3404.017 3404.39 3404.644 3404.991 3405.434 3405.77 3406.082 3406.425 3406.844 3407.22 3407.57 3407.924 3408.279 3408.666
3387.331 3387.491 3387.65 3387.921 3388.201 3388.5 3388.767 3389.032 3389.377 3389.81 3390.355 3390.785 3391.138 3391.433 3391.747 3392.107 3392.536 3392.954 3393.259 3393.544 3393.81 3394.045 3394.285 3394.551 3394.822 3395.087 3395.342 3395.657 3395.975 3396.381 3396.675 3396.899 3397.179 3397.628 3398.056 3398.316 3398.615 3399.063 3399.555 3399.896 3400.112 3400.317 3400.604 3401.052 3401.515 3401.936 3402.313 3402.604 3402.887 3403.225 3403.688 3404.066 3404.281 3404.618 3404.999 3405.332 3405.613 3405.946 3406.368 3406.779 3407.132 3407.458 3407.804 3408.228
3387.116 3387.204 3387.318 3387.552 3387.806 3388.098 3388.418 3388.694 3389 3389.313 3389.767 3390.153 3390.502 3390.806 3391.127 3391.491 3391.918 3392.314 3392.614 3392.9 3393.171 3393.408 3393.663 3393.938 3394.248 3394.521 3394.84 3395.2 3395.597 3396.008 3396.276 3396.417 3396.659 3397.056 3397.487 3397.773 3398.069 3398.515 3399.013 3399.371 3399.685 3399.912 3400.236 3400.675 3401.155 3401.576 3401.944 3402.25 3402.531 3402.87 3403.319 3403.661 3403.922 3404.222 3404.554 3404.869 3405.169 3405.507 3405.936 3406.355 3406.741 3407.066 3407.39 3407.749
3386.929 3386.99 3387.094 3387.219 3387.458 3387.738 3388.056 3388.343 3388.584 3388.884 3389.188 3389.559 3389.835 3390.141 3390.517 3390.879 3391.289 3391.673 3391.972 3392.271 3392.548 3392.823 3393.087 3393.431 3393.758 3394.148 3394.513 3394.871 3395.171 3395.565 3395.843 3395.979 3396.113 3396.505 3396.943 3397.221 3397.485 3397.872 3398.346 3398.784 3399.127 3399.466 3399.801 3400.233 3400.693 3401.121 3401.566 3401.886 3402.166 3402.496 3402.84 3403.194 3403.455 3403.695 3404.019 3404.379 3404.693 3405.019 3405.42 3405.848 3406.264 3406.643 3406.947 3407.312
3386.775 3386.84 3386.894 3387.01 3387.15 3387.408 3387.657 3387.938 3388.124 3388.334 3388.629 3388.88 3389.128 3389.409 3389.799 3390.189 3390.591 3390.952 3391.252 3391.555 3391.9 3392.194 3392.569 3392.936 3393.397 3393.793 3394.164 3394.516 3394.803 3395.076 3395.353 3395.509 3395.644 3395.91 3396.324 3396.525 3396.781 3397.174 3397.612 3398.042 3398.402 3398.865 3399.177 3399.585 3400.033 3400.454 3400.893 3401.347 3401.729 3402.016 3402.292 3402.594 3402.904 3403.21 3403.536 3403.853 3404.201 3404.542 3404.95 3405.373 3405.825 3406.131 3406.42 3406.793
3386.589 3386.66 3386.714 3386.809 3386.947 3387.132 3387.371 3387.542 3387.727 3387.958 3388.128 3388.355 3388.427 3388.692 3389.172 3389.57 3389.92 3390.273 3390.564 3390.942 3391.305 3391.686 3392.061 3392.47 3392.922 3393.317 3393.703 3394.094 3394.338 3394.609 3394.784 3394.944 3395.14 3395.396 3395.626 3395.847 3396.188 3396.554 3396.88 3397.311 3397.764 3398.222 3398.505 3398.889 3399.302 3399.704 3400.124 3400.65 3401.1 3401.386 3401.628 3402.066 3402.49 3402.835 3403.133 3403.443 3403.802 3404.239 3404.656 3405.001 3405.352 3405.654 3405.975 3406.381
3386.25 3386.3 3386.385 3386.492 3386.726 3386.932 3387.182 3387.358 3387.542 3387.644 3387.785 3387.845 3387.918 3388.121 3388.592 3389.065 3389.403 3389.676 3389.985 3390.363 3390.743 3391.115 3391.45 3391.85 3392.235 3392.62 3393.048 3393.507 3393.761 3394.027 3394.224 3394.46 3394.653 3394.854 3395.074 3395.367 3395.706 3395.949 3396.242 3396.673 3397.217 3397.662 3397.938 3398.263 3398.66 3399.084 3399.507 3399.927 3400.383 3400.789 3401.082 3401.564 3402.033 3402.415 3402.745 3403.063 3403.437 3403.902 3404.4 3404.717 3404.836 3405.095 3405.414 3406.011
3385.843 3385.889 3385.887 3385.986 3386.321 3386.721 3387.02 3387.271 3387.394 3387.408 3387.401 3387.43 3387.53 3387.823 3388.302 3388.592 3388.89 3389.063 3389.41 3389.741 3390.081 3390.396 3390.705 3391.033 3391.337 3391.655 3392.191 3392.62 3392.913 3393.222 3393.661 3393.934 3394.177 3394.367 3394.585 3394.868 3395.107 3395.37 3395.664 3396.066 3396.648 3397.114 3397.403 3397.722 3398.14 3398.583 3398.96 3399.349 3399.679 3400.09 3400.571 3401.031 3401.499 3401.904 3402.239 3402.558 3402.935 3403.589 3404.126 3404.433 3404.572 3404.762 3405.054 3405.626
3385.343 3385.407 3385.431 3385.567 3385.961 3386.432 3386.824 3387.085 3387.154 3387.101 3387.057 3387.09 3387.269 3387.593 3387.948 3388.16 3388.396 3388.579 3388.896 3389.163 3389.473 3389.768 3390.057 3390.317 3390.569 3390.917 3391.423 3391.889 3392.232 3392.654 3393.155 3393.489 3393.741 3393.955 3394.171 3394.373 3394.587 3394.822 3395.055 3395.438 3395.99 3396.546 3396.905 3397.264 3397.682 3398.137 3398.516 3398.814 3399.088 3399.523 3400.073 3400.548 3400.984 3401.385 3401.72 3402.035 3402.408 3403.191 3403.88 3404.277 3404.49 3404.694 3404.958 3405.292
3384.824 3384.98 3385.075 3385.294 3385.651 3386.04 3386.371 3386.655 3386.833 3386.793 3386.767 3386.801 3386.964 3387.297 3387.629 3387.82 3387.974 3388.153 3388.432 3388.726 3389.015 3389.31 3389.595 3389.856 3390.097 3390.432 3390.939 3391.406 3391.757 3392.191 3392.666 3393.043 3393.297 3393.542 3393.76 3393.984 3394.189 3394.281 3394.48 3394.838 3395.416 3395.98 3396.416 3396.792 3397.229 3397.669 3398.06 3398.336 3398.605 3399.032 3399.594 3400.116 3400.544 3400.914 3401.248 3401.592 3401.98 3402.732 3403.591 3404.05 3404.397 3404.609 3404.803 3405.127
3384.477 3384.649 3384.819 3385.04 3385.281 3385.591 3385.905 3386.121 3386.299 3386.448 3386.448 3386.478 3386.633 3386.848 3387.157 3387.357 3387.502 3387.683 3387.928 3388.212 3388.517 3388.819 3389.134 3389.423 3389.667 3389.926 3390.429 3390.972 3391.321 3391.606 3392.048 3392.483 3392.81 3393.066 3393.316 3393.538 3393.679 3393.763 3393.885 3394.25 3394.855 3395.377 3395.82 3396.324 3396.765 3397.165 3397.555 3397.877 3398.144 3398.563 3399.132 3399.665 3400.082 3400.447 3400.792 3401.138 3401.532 3402.025 3402.885 3403.749 3404.103 3404.364 3404.572 3404.875
3384.124 3384.354 3384.49 3384.705 3384.896 3385.125 3385.359 3385.585 3385.785 3385.98 3386.061 3385.938 3386.036 3386.296 3386.521 3386.62 3386.779 3387.045 3387.29 3387.542 3387.802 3388.115 3388.401 3388.698 3388.993 3389.264 3389.771 3390.312 3390.676 3391.003 3391.33 3391.683 3392.074 3392.298 3392.546 3392.874 3393.02 3393.105 3393.259 3393.668 3394.256 3394.754 3395.189 3395.695 3396.201 3396.605 3396.966 3397.29 3397.608 3397.945 3398.499 3399.048 3399.485 3399.929 3400.289 3400.634 3401.02 3401.491 3402.12 3402.908 3403.375 3403.681 3404.166 3404.495
3383.68 3383.981 3384.126 3384.206 3384.379 3384.539 3384.764 3384.989 3385.204 3385.394 3385.436 3385.341 3385.426 3385.648 3385.768 3385.879 3386.098 3386.358 3386.605 3386.87 3387.122 3387.322 3387.596 3387.875 3388.174 3388.498 3388.98 3389.534 3390.069 3390.411 3390.681 3391.023 3391.314 3391.541 3391.913 3392.255 3392.457 3392.575 3392.728 3393.167 3393.764 3394.168 3394.592 3395.089 3395.582 3396.01 3396.36 3396.661 3396.988 3397.357 3397.833 3398.364 3398.95 3399.355 3399.71 3400.13 3400.517 3401.01 3401.604 3402.136 3402.609 3403.053 3403.552 3404.003
3383.105 3383.413 3383.583 3383.65 3383.785 3383.942 3384.106 3384.321 3384.506 3384.66 3384.725 3384.886 3384.984 3385.129 3385.247 3385.293 3385.486 3385.711 3385.978 3386.249 3386.485 3386.677 3386.871 3387.15 3387.485 3387.822 3388.154 3388.798 3389.362 3389.828 3390.124 3390.439 3390.721 3390.95 3391.318 3391.753 3391.972 3392.107 3392.25 3392.645 3393.055 3393.65 3394.047 3394.51 3395.016 3395.424 3395.762 3396.089 3396.394 3396.808 3397.33 3397.826 3398.364 3398.827 3399.206 3399.605 3400.018 3400.528 3401.118 3401.602 3402.08 3402.567 3402.998 3403.439
3382.461 3382.641 3382.815 3382.996 3383.127 3383.246 3383.406 3383.562 3383.738 3383.875 3384.074 3384.258 3384.573 3384.747 3384.839 3384.864 3384.837 3385.035 3385.286 3385.62 3385.864 3386.029 3386.219 3386.507 3386.852 3387.173 3387.486 3387.917 3388.51 3389.051 3389.631 3389.967 3390.153 3390.366 3390.659 3391.075 3391.423 3391.599 3391.78 3392.023 3392.52 3393.101 3393.452 3393.865 3394.375 3394.758 3395.139 3395.48 3395.821 3396.286 3396.783 3397.201 3397.635 3398.186 3398.66 3399.019 3399.412 3399.915 3400.469 3400.994 3401.522 3402.016 3402.43 3402.907
3381.916 3382.094 3382.254 3382.427 3382.528 3382.641 3382.76 3382.912 3383.058 3383.271 3383.482 3383.727 3384.047 3384.365 3384.448 3384.362 3384.331 3384.406 3384.655 3384.994 3385.351 3385.532 3385.697 3385.979 3386.305 3386.611 3386.822 3387.016 3387.606 3388.389 3388.975 3389.427 3389.624 3389.759 3390.046 3390.407 3390.764 3391.093 3391.338 3391.585 3391.997 3392.521 3392.891 3393.235 3393.675 3394.094 3394.491 3394.917 3395.27 3395.718 3396.225 3396.649 3397.033 3397.521 3398.036 3398.452 3398.806 3399.301 3399.887 3400.399 3400.933 3401.444 3401.924 3402.429
3381.487 3381.675 3381.841 3381.976 3382.072 3382.166 3382.277 3382.4 3382.539 3382.757 3383.02 3383.244 3383.558 3383.848 3383.85 3383.834 3383.779 3383.868 3384.103 3384.47 3384.843 3385.081 3385.259 3385.524 3385.809 3386.038 3386.223 3386.458 3386.975 3387.59 3388.271 3388.637 3388.871 3389.139 3389.426 3389.761 3390.272 3390.652 3390.836 3391.082 3391.48 3391.951 3392.346 3392.691 3393.016 3393.43 3393.969 3394.415 3394.805 3395.249 3395.734 3396.162 3396.548 3397.006 3397.515 3397.892 3398.242 3398.715 3399.303 3399.85 3400.382 3400.919 3401.469 3401.981
3380.924 3381.199 3381.398 3381.543 3381.651 3381.742 3381.842 3381.962 3382.112 3382.304 3382.515 3382.687 3382.92 3383.181 3383.28 3383.29 3383.27 3383.336 3383.605 3384.007 3384.373 3384.601 3384.772 3384.969 3385.219 3385.458 3385.706 3385.918 3386.169 3386.78 3387.388 3387.754 3388.146 3388.482 3388.726 3389.173 3389.671 3390.053 3390.263 3390.491 3390.868 3391.338 3391.75 3392.115 3392.445 3392.818 3393.355 3393.889 3394.32 3394.739 3395.188 3395.628 3396.053 3396.512 3396.973 3397.357 3397.735 3398.143 3398.739 3399.336 3399.856 3400.399 3400.943 3401.447
3379.957 3380.339 3380.624 3380.901 3381.028 3381.147 3381.286 3381.415 3381.584 3381.779 3381.866 3381.996 3382.126 3382.321 3382.474 3382.7 3382.731 3382.815 3383.063 3383.422 3383.787 3383.998 3384.146 3384.264 3384.513 3384.764 3385.099 3385.342 3385.557 3386.017 3386.41 3386.805 3387.307 3387.635 3387.905 3388.338 3388.855 3389.302 3389.568 3389.881 3390.208 3390.651 3391.05 3391.44 3391.808 3392.16 3392.588 3393.214 3393.667 3394.018 3394.436 3394.879 3395.332 3395.896 3396.368 3396.744 3397.07 3397.465 3397.954 3398.558 3399.269 3399.817 3400.242 3400.74
3379.009 3379.386 3379.791 3380.085 3380.301 3380.451 3380.598 3380.788 3380.963 3381.109 3381.185 3381.15 3381.254 3381.476 3381.745 3381.985 3382.191 3382.289 3382.458 3382.792 3383.043 3383.245 3383.336 3383.481 3383.742 3384.127 3384.481 3384.798 3385.009 3385.193 3385.562 3386.01 3386.423 3386.742 3387.071 3387.499 3388.018 3388.479 3388.802 3389.117 3389.54 3389.977 3390.38 3390.806 3391.168 3391.469 3391.895 3392.391 3392.964 3393.337 3393.657 3394.092 3394.656 3395.229 3395.701 3396.078 3396.463 3396.762 3397.229 3397.899 3398.617 3399.193 3399.627 3400.104
3378.042 3378.406 3378.869 3379.24 3379.506 3379.682 3379.887 3380.088 3380.319 3380.421 3380.451 3380.509 3380.555 3380.718 3381.033 3381.328 3381.542 3381.697 3381.822 3382.057 3382.233 3382.391 3382.482 3382.646 3382.99 3383.37 3383.776 3384.19 3384.398 3384.599 3384.868 3385.191 3385.596 3385.952 3386.277 3386.645 3387.16 3387.657 3388.033 3388.371 3388.854 3389.304 3389.714 3390.144 3390.571 3390.872 3391.254 3391.739 3392.206 3392.673 3393.006 3393.425 3393.982 3394.548 3395.016 3395.416 3395.801 3396.154 3396.604 3397.252 3397.948 3398.523 3398.988 3399.473
3376.974 3377.282 3377.746 3378.266 3378.563 3378.823 3379.046 3379.342 3379.563 3379.673 3379.783 3379.852 3379.887 3380.041 3380.326 3380.622 3380.917 3381.067 3381.172 3381.167 3381.311 3381.386 3381.48 3381.753 3382.103 3382.448 3382.78 3383.176 3383.619 3383.858 3384.054 3384.344 3384.69 3385.042 3385.319 3385.707 3386.236 3386.754 3387.147 3387.519 3388.001 3388.593 3389.024 3389.485 3389.899 3390.185 3390.55 3390.915 3391.357 3391.825 3392.269 3392.707 3393.261 3393.831 3394.351 3394.762 3395.145 3395.589 3396.041 3396.5 3397.157 3397.732 3398.212 3398.706
3375.915 3376.219 3376.683 3377.209 3377.672 3377.95 3378.294 3378.596 3378.797 3378.954 3379.068 3379.188 3379.246 3379.43 3379.706 3379.976 3380.257 3380.384 3380.422 3380.409 3380.393 3380.46 3380.588 3380.866 3381.207 3381.546 3381.861 3382.182 3382.632 3383.105 3383.31 3383.46 3383.767 3384.128 3384.457 3384.906 3385.44 3385.992 3386.433 3386.8 3387.272 3387.816 3388.307 3388.759 3389.199 3389.525 3389.84 3390.139 3390.584 3391.071 3391.508 3392.004 3392.541 3393.044 3393.685 3394.119 3394.529 3394.972 3395.423 3395.873 3396.362 3396.905 3397.397 3397.99
3375.063 3375.341 3375.787 3376.271 3376.748 3377.209 3377.561 3377.856 3378.057 3378.191 3378.394 3378.542 3378.703 3378.885 3379.11 3379.362 3379.498 3379.611 3379.629 3379.645 3379.634 3379.674 3379.802 3380.056 3380.388 3380.683 3380.999 3381.342 3381.873 3382.363 3382.615 3382.759 3382.932 3383.288 3383.732 3384.195 3384.818 3385.371 3385.785 3386.151 3386.587 3387.039 3387.423 3387.801 3388.349 3388.822 3389.182 3389.53 3389.943 3390.401 3390.822 3391.3 3391.78 3392.315 3392.936 3393.402 3393.851 3394.289 3394.732 3395.165 3395.619 3396.181 3396.645 3397.248
3374.225 3374.47 3374.832 3375.348 3375.882 3376.353 3376.832 3377.137 3377.251 3377.325 3377.543 3377.895 3378.076 3378.242 3378.44 3378.54 3378.656 3378.676 3378.726 3378.834 3378.862 3378.901 3379.025 3379.271 3379.506 3379.79 3380.111 3380.545 3381.075 3381.616 3381.906 3382.142 3382.319 3382.583 3383.002 3383.469 3384.069 3384.519 3385.021 3385.388 3385.797 3386.237 3386.581 3386.975 3387.433 3387.876 3388.36 3388.884 3389.268 3389.603 3390.057 3390.559 3390.959 3391.496 3392.002 3392.471 3393.014 3393.508 3393.994 3394.422 3394.886 3395.41 3395.831 3396.38
3373.338 3373.529 3373.981 3374.495 3375.11 3375.554 3376.002 3376.334 3376.48 3376.591 3376.823 3377.082 3377.457 3377.679 3377.772 3377.782 3377.788 3377.788 3377.867 3378.051 3378.174 3378.27 3378.388 3378.544 3378.721 3378.991 3379.373 3379.875 3380.401 3380.831 3381.269 3381.582 3381.782 3381.988 3382.292 3382.73 3383.217 3383.791 3384.191 3384.656 3385.053 3385.416 3385.776 3386.168 3386.597 3387.051 3387.517 3388.007 3388.268 3388.84 3389.36 3389.811 3390.214 3390.645 3391.15 3391.723 3392.241 3392.778 3393.282 3393.736 3394.219 3394.706 3395.12 3395.661
3372.403 3372.853 3373.339 3373.875 3374.446 3374.834 3375.18 3375.545 3375.758 3375.867 3376.011 3376.323 3376.8 3377.07 3377.114 3377.051 3377.015 3377.02 3377.144 3377.388 3377.627 3377.739 3377.81 3377.893 3378.104 3378.426 3378.86 3379.331 3379.754 3380.142 3380.674 3381.045 3381.218 3381.368 3381.634 3382.106 3382.639 3383.104 3383.397 3383.93 3384.36 3384.753 3385.065 3385.463 3385.895 3386.264 3386.731 3387.202 3387.681 3388.221 3388.753 3389.19 3389.535 3389.974 3390.496 3391.043 3391.518 3392.03 3392.577 3393.016 3393.57 3394.167 3394.581 3395.039
3371.692 3372.277 3372.834 3373.324 3373.824 3374.112 3374.396 3374.686 3374.891 3375.042 3375.262 3375.569 3376.084 3376.442 3376.529 3376.42 3376.294 3376.305 3376.444 3376.777 3377.046 3377.157 3377.227 3377.294 3377.543 3377.883 3378.297 3378.755 3379.086 3379.453 3379.847 3380.264 3380.547 3380.757 3381 3381.427 3382 3382.436 3382.731 3383.021 3383.599 3384.018 3384.348 3384.746 3385.187 3385.558 3386.099 3386.625 3387.096 3387.624 3388.165 3388.622 3388.971 3389.409 3389.916 3390.223 3390.71 3391.256 3391.846 3392.28 3392.902 3393.51 3393.991 3394.453
