1.0/DEMs/completedem.txt
ncols         435
nrows         327
xllcorner     641625.7215
yllcorner     154836.3376
cellsize      2
NODATA_value  -9999
[rows 58 to 86 of 327, columns 64 to 127 of 435]
3450.418 3450.44 3450.539 3450.669 3451.333 3452.096 3452.521 3452.981 3453.435 3453.977 3454.337 3454.707 3455.054 3455.188 3455.328 3455.468 3455.684 3456.013 3456.431 3457.348 3458.341 3459.495 3460.214 3460.644 3461.231 3461.714 3462.265 3463.001 3463.618 3464.267 3464.861 3465.289 3465.625 3465.984 3466.393 3466.723 3467.156 3467.547 3467.965 3468.375 3468.805 3469.312 3469.924 3470.669 3471.376 3472.04 3472.611 3473.057 3473.49 3473.978 3474.462 3475.033 3475.587 3476.119 3476.534 3476.999 3477.377 3477.593 3477.887 3478.422 3479.138 3479.74 3480.239 3480.708
3452.05 3452.052 3452.034 3452.407 3453.329 3453.827 3454.146 3454.436 3454.793 3455.095 3455.437 3455.899 3456.165 3456.328 3456.531 3456.722 3457.001 3457.349 3458.476 3459.245 3460.043 3460.82 3461.353 3461.831 3462.555 3463.261 3463.797 3464.231 3464.804 3465.5 3466.003 3466.307 3466.618 3467.024 3467.337 3467.612 3467.907 3468.222 3468.648 3469.159 3469.589 3470.038 3470.669 3471.432 3472.109 3472.787 3473.433 3473.889 3474.278 3474.77 3475.397 3475.927 3476.313 3476.692 3477.102 3477.539 3477.888 3478.158 3478.57 3479.115 3479.862 3480.419 3480.857 3481.308
3453.594 3453.839 3454.115 3454.431 3454.888 3455.357 3455.67 3455.916 3456.2 3456.466 3456.726 3457.093 3457.411 3457.812 3458.375 3458.714 3459.078 3459.484 3460.349 3460.996 3461.543 3462.104 3462.761 3463.294 3463.978 3464.666 3465.234 3465.626 3466.162 3466.747 3467.068 3467.38 3467.622 3467.905 3468.126 3468.529 3468.847 3469.146 3469.491 3469.956 3470.411 3470.937 3471.677 3472.35 3472.992 3473.726 3474.385 3474.85 3475.226 3475.652 3476.292 3476.637 3476.999 3477.41 3477.813 3478.362 3478.821 3479.14 3479.624 3480.04 3480.625 3481.062 3481.436 3481.9
3455.093 3455.414 3455.9 3456.263 3456.537 3456.846 3457.112 3457.356 3457.636 3457.906 3458.162 3458.625 3458.993 3459.505 3459.921 3460.439 3460.818 3461.338 3461.91 3462.453 3462.843 3463.302 3463.931 3464.563 3465.161 3465.785 3466.355 3466.811 3467.309 3467.803 3468.113 3468.399 3468.662 3468.831 3468.956 3469.325 3469.771 3470.037 3470.356 3470.785 3471.264 3471.949 3472.72 3473.324 3473.875 3474.571 3475.316 3475.73 3476.052 3476.625 3477.024 3477.404 3477.814 3478.366 3478.8 3479.23 3479.729 3480.094 3480.528 3481.057 3481.436 3481.767 3482.056 3482.484
3456.774 3457.033 3457.497 3457.834 3458.1 3458.37 3458.635 3458.886 3459.172 3459.469 3459.783 3460.24 3460.677 3461.086 3461.484 3461.77 3462.129 3462.582 3463.14 3463.496 3463.832 3464.285 3464.922 3465.549 3466.052 3466.67 3467.236 3467.698 3468.247 3468.72 3469.058 3469.548 3469.827 3469.942 3470.059 3470.275 3470.643 3470.848 3471.137 3471.57 3472.213 3472.957 3473.543 3474.093 3474.667 3475.412 3476.046 3476.426 3476.856 3477.357 3477.786 3478.201 3478.765 3479.321 3479.768 3480.171 3480.437 3480.791 3481.225 3481.71 3482.106 3482.455 3482.759 3483.137
3459.134 3459.337 3459.507 3459.682 3459.903 3460.097 3460.356 3460.616 3460.923 3461.239 3461.528 3461.948 3462.354 3462.707 3463.114 3463.434 3463.723 3463.864 3464.299 3464.613 3464.939 3465.492 3466.123 3466.594 3467.086 3467.626 3468.15 3468.752 3469.44 3469.915 3470.284 3470.819 3471.381 3471.713 3471.753 3471.64 3471.852 3471.93 3472.206 3472.615 3473.169 3473.886 3474.605 3475.132 3475.568 3476.235 3476.659 3477.177 3477.689 3478.227 3478.669 3479.191 3479.772 3480.298 3480.725 3480.995 3481.215 3481.528 3481.863 3482.3 3482.777 3483.141 3483.443 3483.91
3461.184 3461.27 3461.399 3461.584 3461.788 3461.971 3462.03 3462.267 3462.531 3462.735 3463.014 3463.471 3463.903 3464.238 3464.622 3464.981 3465.245 3465.401 3465.622 3465.824 3466.166 3466.659 3467.229 3467.652 3468.116 3468.631 3469.348 3469.985 3470.635 3471.074 3471.5 3471.969 3472.581 3472.903 3473.044 3472.955 3472.958 3473.053 3473.357 3473.707 3474.226 3474.66 3475.342 3475.894 3476.317 3476.74 3477.313 3477.866 3478.482 3479.015 3479.549 3480.097 3480.608 3481.103 3481.428 3481.693 3481.919 3482.174 3482.5 3482.973 3483.386 3483.803 3484.165 3484.656
3462.67 3462.837 3463.31 3463.484 3463.648 3463.682 3463.746 3463.84 3464.027 3464.166 3464.362 3464.811 3465.318 3465.552 3465.807 3466.094 3466.478 3466.748 3467.011 3467.336 3467.614 3467.724 3468.176 3468.86 3469.382 3470.013 3470.652 3471.243 3471.602 3472.06 3472.272 3472.774 3473.079 3473.401 3473.563 3473.654 3473.677 3473.886 3474.196 3474.591 3474.952 3475.369 3475.842 3476.373 3476.748 3477.198 3478.001 3478.614 3479.2 3479.7 3480.278 3481.038 3481.45 3481.657 3481.962 3482.298 3482.682 3482.991 3483.383 3483.817 3484.082 3484.401 3484.907 3485.501
3464.221 3464.677 3465.165 3465.312 3465.353 3465.344 3465.429 3465.519 3465.608 3465.71 3465.872 3466.046 3466.416 3466.616 3466.793 3467.098 3467.403 3467.719 3468.024 3468.329 3468.621 3469.063 3469.396 3470.225 3470.988 3471.646 3472.153 3472.27 3472.546 3472.65 3472.927 3473.144 3473.418 3473.741 3474.102 3474.222 3474.369 3474.643 3474.976 3475.375 3475.744 3476.084 3476.539 3476.923 3477.297 3477.885 3478.665 3479.324 3479.859 3480.386 3481.095 3481.758 3482.115 3482.425 3482.673 3483.108 3483.551 3483.987 3484.36 3484.637 3484.907 3485.203 3485.666 3486.351
3466.375 3466.682 3466.751 3466.935 3467.004 3467.197 3467.24 3467.299 3467.289 3467.361 3467.41 3467.547 3467.601 3467.743 3467.917 3467.999 3468.24 3468.389 3468.661 3468.796 3469.058 3469.52 3470.304 3471.226 3472.498 3473.138 3473.177 3473.228 3473.186 3473.223 3473.397 3473.552 3473.828 3474.552 3475.005 3475.317 3475.458 3475.713 3475.928 3476.292 3476.75 3477.124 3477.454 3477.834 3478.225 3478.839 3479.567 3480.006 3480.538 3481.207 3481.907 3482.355 3482.702 3483.018 3483.428 3483.88 3484.44 3484.874 3485.189 3485.493 3485.801 3486.332 3486.686 3487.278
3468.103 3468.069 3468.137 3468.345 3468.629 3468.759 3468.823 3468.846 3468.847 3468.867 3468.931 3469.017 3469.202 3469.178 3469.296 3469.279 3469.405 3469.454 3469.439 3469.487 3469.547 3470.049 3470.912 3472.171 3473.448 3474.017 3474.025 3473.869 3473.858 3473.954 3474.039 3474.199 3474.627 3475.406 3476.005 3476.319 3476.487 3476.684 3476.871 3477.179 3477.728 3478.109 3478.454 3478.883 3479.445 3480.012 3480.319 3480.7 3481.226 3481.947 3482.573 3482.896 3483.186 3483.553 3484.038 3484.564 3485.085 3485.472 3485.801 3486.18 3486.799 3487.288 3487.653 3488.152
3469.272 3469.353 3469.481 3469.642 3469.92 3470.146 3470.279 3470.344 3470.4 3470.439 3470.523 3470.559 3470.674 3470.623 3470.726 3470.772 3470.735 3470.723 3470.65 3470.705 3470.74 3471.146 3471.88 3472.921 3474.001 3474.543 3474.752 3474.743 3474.862 3475.009 3475.093 3475.316 3475.609 3476.177 3476.719 3477.031 3477.215 3477.396 3477.667 3478.146 3478.568 3478.92 3479.395 3479.944 3480.493 3480.91 3481.164 3481.509 3481.977 3482.541 3483.028 3483.364 3483.651 3484.049 3484.612 3485.093 3485.549 3485.919 3486.388 3487.022 3487.587 3487.99 3488.412 3488.898
3470.714 3470.793 3470.843 3471.065 3471.317 3471.821 3472.028 3472.023 3472.095 3472.201 3472.197 3472.094 3471.964 3471.969 3472.103 3472.223 3472.318 3472.283 3472.286 3472.394 3472.563 3472.913 3473.49 3473.936 3474.726 3475.021 3475.352 3475.553 3475.895 3476.088 3476.178 3476.307 3476.551 3476.92 3477.366 3477.74 3477.957 3478.196 3478.506 3478.958 3479.412 3479.713 3480.304 3480.938 3481.439 3481.836 3482.157 3482.448 3482.864 3483.075 3483.428 3483.857 3484.22 3484.699 3485.229 3485.74 3486.189 3486.552 3486.982 3487.67 3488.262 3488.641 3489.075 3489.592
3472.891 3472.508 3472.444 3472.626 3473.478 3474.015 3474.122 3474.099 3473.885 3473.882 3473.759 3473.589 3473.471 3473.378 3473.464 3473.534 3473.62 3473.691 3473.84 3473.977 3474.137 3474.455 3474.76 3475.164 3475.415 3475.696 3476.017 3476.457 3476.795 3476.936 3477.027 3477.185 3477.441 3477.747 3478.086 3478.464 3478.771 3479.021 3479.465 3479.906 3480.197 3480.546 3481.127 3481.719 3482.205 3482.61 3482.94 3483.231 3483.432 3483.636 3483.906 3484.327 3484.823 3485.328 3485.822 3486.339 3486.846 3487.383 3487.801 3488.18 3488.735 3489.191 3489.626 3490.114
3475.044 3474.753 3474.78 3474.922 3475.71 3476.468 3476.575 3476.407 3476.204 3476.105 3475.918 3475.667 3475.447 3475.305 3475.042 3475.082 3475.083 3475.151 3475.348 3475.356 3475.463 3475.612 3475.896 3476.126 3476.367 3476.586 3476.93 3477.362 3477.708 3477.865 3477.96 3478.134 3478.458 3478.849 3479.18 3479.439 3479.735 3480.01 3480.431 3480.763 3481.063 3481.41 3481.878 3482.428 3482.737 3483.151 3483.563 3483.858 3484.073 3484.313 3484.582 3484.871 3485.371 3485.873 3486.291 3486.806 3487.496 3488.055 3488.581 3488.956 3489.25 3489.677 3490.046 3490.475
3477.235 3477.219 3477.463 3477.647 3478.377 3479.243 3479.321 3479.125 3478.93 3478.663 3478.427 3478.167 3477.766 3477.39 3477.171 3476.999 3476.839 3477.01 3477.097 3477.024 3477.062 3477.219 3477.403 3477.598 3477.762 3478.012 3478.469 3478.92 3479.215 3479.427 3479.561 3479.805 3480.113 3480.488 3480.705 3480.904 3481.04 3481.24 3481.501 3481.751 3482.024 3482.324 3482.738 3483.086 3483.414 3483.813 3484.255 3484.544 3484.791 3485.113 3485.511 3485.828 3486.202 3486.393 3486.704 3487.244 3487.952 3488.603 3489.176 3489.667 3490.158 3490.393 3490.526 3490.866
3479.314 3479.469 3479.806 3480.221 3480.727 3481.396 3481.425 3481.235 3480.958 3480.716 3480.518 3480.087 3479.615 3479.292 3478.958 3478.663 3478.552 3478.477 3478.501 3478.563 3478.655 3478.812 3478.946 3479.093 3479.266 3479.499 3479.905 3480.314 3480.554 3480.775 3481 3481.427 3481.781 3481.997 3482.026 3482.055 3482.119 3482.26 3482.547 3482.735 3482.919 3483.141 3483.457 3483.818 3484.089 3484.488 3484.935 3485.217 3485.643 3486.075 3486.501 3486.721 3486.757 3486.857 3487.05 3487.59 3488.31 3488.996 3489.684 3490.403 3491.033 3491.04 3491.061 3491.254
3481.115 3481.392 3481.987 3482.473 3482.56 3482.808 3482.667 3482.488 3482.238 3482.113 3481.955 3481.583 3481.111 3480.733 3480.44 3480.12 3479.929 3479.809 3479.786 3479.87 3479.974 3480.188 3480.344 3480.489 3480.668 3480.898 3481.188 3481.333 3481.557 3481.692 3481.966 3482.418 3482.823 3483.067 3483.047 3482.964 3482.947 3483.184 3483.495 3483.646 3483.762 3483.989 3484.253 3484.526 3484.737 3485.121 3485.578 3485.881 3486.32 3486.869 3487.348 3487.547 3487.463 3487.495 3487.699 3488.15 3488.849 3489.514 3490.213 3490.968 3491.601 3491.779 3491.822 3491.928
3483.43 3483.573 3484.165 3484.588 3484.557 3484.019 3483.757 3483.535 3483.195 3483.052 3483.045 3482.785 3482.507 3482.18 3481.942 3481.909 3481.732 3481.598 3481.553 3481.483 3481.481 3481.652 3481.781 3481.927 3482.141 3482.368 3482.434 3482.554 3482.545 3482.605 3482.856 3483.205 3483.619 3483.835 3483.836 3483.816 3483.873 3484.123 3484.488 3484.655 3484.705 3484.883 3484.972 3485.198 3485.418 3485.831 3486.287 3486.627 3487.114 3487.814 3488.234 3488.245 3488.371 3488.454 3488.648 3489.113 3489.677 3490.333 3491.007 3491.745 3492.372 3492.61 3492.65 3492.607
3486.43 3486.464 3486.625 3486.681 3486.38 3486.049 3485.646 3484.922 3484.48 3484.022 3483.955 3483.948 3484.103 3483.935 3484.27 3484.282 3484.219 3484.114 3483.961 3483.708 3483.662 3483.706 3483.836 3483.923 3484.082 3484.078 3484.022 3484.05 3483.976 3483.949 3483.913 3484.197 3484.375 3484.569 3484.672 3484.9 3485.082 3485.484 3485.825 3486.006 3486.037 3486.039 3485.959 3486.094 3486.227 3486.645 3487.158 3487.652 3488.317 3488.916 3489.12 3489.299 3489.482 3489.727 3489.962 3490.388 3490.853 3491.454 3492.073 3492.795 3493.338 3493.564 3493.624 3493.666
3489.608 3488.902 3488.275 3488.265 3488.518 3488.209 3487.471 3486.705 3485.686 3485.13 3485.057 3485.166 3485.339 3485.743 3486.15 3486.612 3486.522 3486.368 3486.168 3485.981 3485.976 3486.028 3486.177 3486.259 3486.14 3485.84 3485.725 3485.635 3485.551 3485.484 3485.41 3485.24 3485.362 3485.556 3485.774 3486.044 3486.496 3486.872 3487.19 3487.361 3487.384 3487.304 3487.214 3487.133 3487.249 3487.605 3488.149 3488.64 3489.229 3489.817 3490.163 3490.402 3490.781 3491.02 3491.34 3491.734 3492.19 3492.675 3493.223 3493.886 3494.4 3494.575 3494.731 3494.869
3492.28 3491.526 3490.641 3490.051 3490.205 3490.026 3489.311 3488.537 3487.566 3486.903 3486.697 3486.768 3486.907 3487.179 3487.729 3488.202 3488.289 3488.225 3488.057 3488.123 3488.171 3488.3 3488.458 3488.58 3488.465 3487.985 3487.48 3487.341 3487.211 3487.165 3487.143 3486.975 3486.953 3487.103 3487.341 3487.547 3487.972 3488.232 3488.542 3488.709 3488.721 3488.652 3488.577 3488.497 3488.486 3488.807 3489.202 3489.627 3490.186 3490.688 3491.19 3491.75 3492.018 3492.392 3492.729 3493.104 3493.509 3493.91 3494.344 3494.968 3495.421 3495.632 3495.886 3496.108
3495.049 3494.229 3493.575 3492.939 3492.115 3491.918 3491.512 3491.303 3490.624 3490.324 3489.973 3489.539 3489.505 3489.312 3489.101 3489.488 3489.588 3489.64 3490.088 3490.25 3490.502 3490.693 3490.872 3491.127 3491.068 3490.644 3490.013 3489.311 3489.164 3489.368 3489.368 3489.231 3489.236 3489.37 3489.349 3489.512 3489.638 3489.792 3490.052 3490.251 3490.304 3490.362 3490.359 3490.349 3490.312 3490.337 3490.481 3490.837 3491.268 3491.861 3492.625 3493.083 3493.671 3494.022 3494.34 3494.675 3495.012 3495.327 3495.742 3496.228 3496.62 3496.876 3497.171 3497.411
3497.477 3497.029 3496.38 3495.356 3494.479 3494.097 3494.149 3494.055 3494.222 3493.978 3493.616 3493.142 3492.539 3491.91 3491.544 3490.866 3490.923 3491.229 3491.721 3492.304 3492.543 3492.702 3492.692 3492.921 3493.133 3492.793 3492.465 3491.745 3491.046 3491.094 3491.103 3491.258 3491.282 3491.285 3491.261 3491.059 3490.986 3491.069 3491.299 3491.716 3492.019 3492.203 3492.324 3492.259 3492.094 3491.774 3491.829 3492.045 3492.468 3493.271 3494.036 3494.711 3495.268 3495.615 3495.876 3496.169 3496.434 3496.735 3497 3497.343 3497.719 3498.02 3498.319 3498.678
3499.578 3499.175 3498.702 3497.799 3496.749 3496.211 3496.31 3496.65 3496.965 3497.198 3497.033 3496.493 3495.76 3495.261 3494.477 3493.449 3492.964 3493.253 3493.791 3494.275 3494.435 3494.302 3494.197 3494.228 3494.29 3494.334 3494.204 3493.609 3493.178 3492.582 3492.556 3492.652 3492.754 3492.783 3492.482 3492.076 3491.888 3491.949 3492.361 3492.997 3493.568 3493.959 3494.148 3494.11 3493.786 3493.418 3493.148 3493.277 3493.871 3494.731 3495.425 3496.076 3496.619 3497.018 3497.199 3497.388 3497.601 3497.822 3498.064 3498.319 3498.574 3498.854 3499.289 3499.651
3501.434 3501.176 3500.853 3500.19 3499.018 3498.4 3498.489 3498.904 3499.531 3499.936 3499.987 3499.675 3499.128 3499.063 3498.357 3497.443 3496.652 3496.577 3496.928 3496.959 3496.589 3496.145 3495.621 3495.378 3495.289 3495.409 3495.521 3495.623 3495.349 3494.644 3494.267 3494.107 3493.992 3493.843 3493.461 3493.003 3492.804 3492.927 3493.429 3494.263 3495.092 3495.711 3495.965 3495.978 3495.608 3494.998 3494.613 3494.758 3495.322 3496.012 3496.618 3497.236 3497.993 3498.393 3498.452 3498.554 3498.552 3498.8 3499.003 3499.075 3499.238 3499.589 3500.061 3500.437
3503.61 3503.364 3503.228 3502.756 3501.763 3501.025 3501.071 3501.394 3502.002 3502.616 3502.775 3502.802 3502.876 3502.997 3502.631 3502.538 3501.932 3501.152 3500.564 3499.475 3498.86 3497.998 3497.332 3496.71 3496.489 3496.407 3496.735 3496.904 3497.345 3497.108 3496.715 3496.272 3495.652 3495.234 3494.812 3494.545 3494.374 3494.561 3495.094 3495.798 3496.622 3497.343 3497.945 3498.014 3497.855 3497.239 3496.655 3496.635 3497.163 3497.661 3498.144 3498.452 3499.167 3499.728 3499.807 3499.745 3499.717 3499.824 3499.927 3500.009 3500.179 3500.482 3500.761 3501.233
3506.477 3506 3505.744 3505.123 3504.208 3503.685 3503.718 3504.042 3504.536 3505.15 3505.702 3506.531 3506.753 3506.9 3506.993 3506.926 3506.128 3504.868 3503.176 3501.985 3500.83 3499.983 3499.342 3498.744 3498.098 3497.921 3497.997 3498.28 3498.762 3499.298 3498.98 3498.326 3497.665 3497.162 3496.85 3496.615 3496.73 3496.931 3497.173 3497.846 3498.597 3499.061 3499.598 3499.876 3499.76 3499.444 3498.88 3498.732 3498.973 3499.434 3499.562 3499.788 3500.115 3500.667 3500.838 3500.792 3500.763 3500.743 3500.826 3500.896 3501.055 3501.279 3501.563 3501.975
3509.133 3508.638 3507.914 3507.262 3506.556 3506.336 3506.406 3506.815 3507.335 3507.995 3509.167 3510.093 3510.551 3510.648 3510.259 3510.188 3509.715 3508.061 3506.272 3504.434 3503.239 3502.307 3501.701 3501.712 3501.156 3500.411 3499.611 3499.827 3500.362 3500.918 3501.109 3500.5 3499.822 3499.699 3499.46 3499.357 3499.591 3499.528 3499.737 3500.292 3500.842 3501.204 3501.067 3501.307 3501.489 3501.218 3500.822 3500.504 3500.712 3500.934 3501.039 3500.852 3501.113 3501.46 3501.642 3501.748 3501.827 3501.871 3501.857 3501.885 3501.852 3502.071 3502.387 3502.956
