1.0/DEMs/completedem.txt
ncols         435
nrows         327
xllcorner     641625.7215
yllcorner     154836.3376
cellsize      2
NODATA_value  -9999
[rows 29 to 57 of 327, columns 128 to 191 of 435]
3401.809 3402.398 3403.387 3403.615 3404.606 3405.82 3407.666 3410.963 3414.198 3417.188 3419.822 3424.132 3428.636 3433.018 3436.599 3439.972 3443.38 3445.681 3448.497 3451.296 3453.064 3454.042 3455.435 3457.229 3459.529 3462.902 3466.386 3470.519 3473.094 3476.197 3477.506 3478.732 3479.008 3479.237 3479.484 3479.938 3480.456 3480.826 3481.067 3481.446 3481.839 3482.255 3482.993 3483.722 3484.26 3484.793 3485.062 3485.385 3485.851 3486.728 3487.226 3487.476 3487.76 3487.874 3487.806 3488.137 3488.315 3488.583 3488.789 3489.199 3489.285 3489.367 3489.75 3490.582
3407.394 3408.668 3409.555 3409.816 3410.184 3411.419 3414.095 3417.386 3420.356 3423.299 3426.873 3431.298 3436.248 3440.709 3444.287 3447.99 3451.463 3454.771 3457.868 3460.705 3462.366 3463.276 3464.228 3465.944 3467.606 3469.997 3473.283 3476.081 3477.635 3478.447 3479.335 3479.878 3480.368 3480.671 3481.148 3481.594 3482.035 3482.401 3482.746 3483.122 3483.488 3483.984 3484.754 3485.53 3486.005 3486.18 3486.438 3486.885 3487.564 3488.441 3489.05 3489.319 3489.604 3489.767 3490.094 3490.374 3490.804 3490.994 3491.164 3491.095 3491.198 3491.569 3491.941 3492.345
3413.862 3415.55 3416.8 3417.7 3418.136 3419.66 3422.496 3425.719 3428.696 3431.423 3434.309 3438.699 3443.405 3447.671 3451.14 3454.786 3458.461 3461.8 3465.113 3468.066 3469.68 3470.118 3470.481 3471.743 3472.974 3474.71 3476.89 3478.615 3479.473 3479.916 3480.452 3480.968 3481.522 3482.321 3482.832 3483.34 3483.759 3484.149 3484.539 3484.917 3485.358 3485.827 3486.395 3487.094 3487.292 3487.447 3487.675 3488.154 3488.874 3489.652 3490.267 3490.615 3491.26 3491.715 3492.216 3492.723 3492.884 3493.039 3492.984 3493.071 3493.265 3493.446 3493.729 3493.73
3421.152 3422.931 3425.308 3426.389 3427.617 3429.638 3432.522 3435.358 3438.277 3440.883 3443.648 3446.616 3451.157 3454.721 3457.894 3461.431 3464.558 3467.738 3470.373 3473.084 3473.878 3474.093 3474.382 3474.849 3475.607 3476.728 3478.55 3479.889 3480.653 3481.101 3481.609 3482.239 3483.18 3484.011 3484.578 3485.109 3485.752 3486.189 3486.593 3487.083 3487.532 3487.933 3488.437 3488.613 3488.779 3488.937 3489.207 3489.655 3490.345 3491.161 3491.892 3492.298 3492.897 3493.509 3494.206 3494.645 3494.794 3494.77 3494.766 3494.843 3494.872 3495.032 3495.064 3495.015
3429.269 3431.804 3434.297 3436.985 3438.44 3441.374 3444.34 3447.06 3449.341 3451.936 3454.359 3457.117 3459.384 3462.684 3465.483 3468.325 3471.186 3473.079 3474.69 3475.652 3476.112 3476.307 3476.533 3476.871 3477.137 3478.215 3479.694 3480.972 3481.705 3482.242 3482.984 3484.036 3484.95 3485.896 3486.497 3487.161 3487.813 3488.409 3488.934 3489.457 3490.053 3490.449 3490.606 3490.745 3490.754 3490.977 3491.309 3492.005 3492.683 3493.337 3494.025 3494.277 3494.586 3495.251 3495.977 3496.346 3496.34 3496.321 3496.374 3496.453 3496.475 3496.458 3496.486 3496.377
3437.491 3440.101 3443.284 3446.084 3448.899 3451.955 3455.454 3457.3 3459.458 3461.646 3464.016 3465.674 3467.686 3469.215 3471.485 3473.542 3475.141 3476.308 3476.73 3477.387 3477.735 3477.971 3478.245 3478.581 3478.895 3479.678 3481.049 3482.112 3482.837 3483.486 3484.596 3485.625 3486.646 3487.613 3488.369 3489.034 3489.67 3490.27 3490.862 3491.456 3492.042 3492.429 3492.593 3492.875 3492.992 3493.444 3493.842 3494.462 3494.942 3495.565 3495.933 3496.159 3496.379 3497.04 3497.559 3497.535 3497.516 3497.486 3497.57 3497.825 3498.027 3498.006 3497.979 3497.944
3444.663 3447.739 3450.95 3454.082 3456.898 3460.427 3463.521 3465.249 3466.656 3468.22 3469.755 3470.851 3471.815 3472.946 3474.231 3475.796 3477.331 3478.102 3478.5 3478.705 3479.03 3479.333 3479.846 3480.177 3480.698 3481.527 3482.46 3483.409 3484.066 3485.161 3486.3 3487.192 3488.197 3489.159 3489.894 3490.542 3491.183 3491.75 3492.275 3492.861 3493.481 3493.896 3494.177 3494.513 3495.242 3495.693 3496.06 3496.447 3496.884 3497.288 3497.692 3498.098 3498.389 3498.778 3498.694 3498.64 3498.579 3498.57 3498.87 3499.385 3499.587 3500.033 3500.047 3499.808
3452.062 3455.248 3458.574 3461.39 3463.503 3466.172 3467.775 3469.062 3470.173 3471.223 3472.198 3473.029 3473.873 3474.852 3476.022 3477.468 3478.695 3479.531 3479.864 3480.141 3480.566 3481.16 3481.575 3481.921 3482.576 3483.491 3484.288 3484.993 3485.724 3486.883 3488.027 3488.932 3489.844 3490.578 3491.181 3491.887 3492.533 3493.101 3493.641 3494.23 3494.889 3495.392 3495.88 3496.783 3497.478 3497.7 3498.051 3498.186 3498.431 3498.81 3499.439 3500.017 3500.356 3500.45 3500.438 3500.337 3500.294 3500.373 3500.898 3501.169 3501.606 3502.04 3501.909 3501.825
3458.249 3461.242 3463.868 3465.527 3466.518 3467.762 3469.166 3470.453 3471.589 3472.611 3473.424 3474.197 3475.179 3476.297 3477.408 3478.612 3479.837 3480.707 3481.267 3481.775 3482.378 3482.885 3483.259 3483.695 3484.311 3485.11 3485.896 3486.626 3487.398 3488.484 3489.63 3490.531 3491.308 3491.991 3492.678 3493.403 3494.088 3494.677 3495.244 3495.866 3496.496 3497.148 3497.975 3498.832 3499.214 3499.36 3499.468 3499.581 3499.774 3500.195 3500.877 3501.737 3502.302 3502.467 3502.408 3502.467 3502.413 3502.421 3502.626 3502.939 3503.371 3503.523 3503.497 3503.461
3461.711 3464.208 3466.016 3466.908 3467.851 3468.867 3470.076 3471.165 3472.297 3473.523 3474.378 3475.076 3476.206 3477.449 3478.625 3479.808 3480.924 3481.761 3482.559 3483.279 3483.958 3484.491 3484.837 3485.22 3485.825 3486.586 3487.417 3488.149 3488.927 3489.99 3491.106 3492.006 3492.813 3493.63 3494.327 3495.166 3495.886 3496.517 3497.094 3497.703 3498.321 3498.944 3499.698 3500.502 3500.738 3500.799 3500.932 3501.044 3501.198 3501.547 3502.435 3503.241 3503.931 3504.369 3504.359 3504.534 3504.552 3504.48 3504.255 3504.617 3504.664 3504.652 3504.671 3504.689
3463.596 3465.118 3466.648 3467.556 3468.466 3469.525 3470.666 3471.78 3473.405 3474.621 3475.399 3476.156 3477.287 3478.653 3479.832 3480.946 3482.039 3482.992 3483.86 3484.723 3485.388 3485.91 3486.438 3486.862 3487.424 3488.227 3489.067 3489.808 3490.582 3491.589 3492.7 3493.651 3494.656 3495.513 3496.322 3497.183 3498.07 3498.714 3499.29 3499.879 3500.398 3500.934 3501.601 3501.815 3502.048 3502.238 3502.388 3502.652 3502.861 3503.722 3504.477 3505.268 3505.721 3506.109 3506.301 3506.328 3506.423 3506.225 3506.284 3505.931 3505.827 3505.811 3505.846 3506.109
3464.133 3465.373 3466.746 3468.085 3469.066 3470.288 3471.691 3472.967 3474.299 3475.437 3476.229 3477.093 3478.381 3479.719 3480.818 3482.001 3483.029 3483.895 3484.903 3485.99 3486.774 3487.32 3487.828 3488.338 3488.926 3489.733 3490.628 3491.37 3492.127 3493.11 3494.202 3495.193 3496.252 3497.357 3498.179 3499.128 3500.023 3500.757 3501.318 3501.826 3502.261 3502.734 3502.848 3503.055 3503.238 3503.442 3503.677 3504.094 3504.841 3505.764 3506.545 3507.21 3507.612 3507.788 3507.835 3507.908 3508.052 3508.045 3507.838 3507.439 3507.167 3507.18 3507.28 3507.514
3464.448 3465.685 3467.106 3468.463 3469.775 3471.156 3472.602 3473.952 3475.236 3476.187 3477.01 3477.97 3479.21 3480.317 3481.441 3482.637 3483.784 3484.671 3486.083 3487.231 3487.882 3488.513 3489.043 3489.64 3490.237 3491.094 3491.999 3492.76 3493.509 3494.488 3495.553 3496.549 3497.79 3498.913 3499.787 3500.735 3501.621 3502.364 3502.915 3503.319 3503.727 3503.779 3503.882 3504.083 3504.262 3504.478 3504.891 3505.532 3506.291 3507.219 3508.112 3508.757 3508.875 3509.047 3509.094 3509.174 3509.309 3509.281 3509.064 3508.703 3508.596 3508.616 3508.745 3508.974
3465.127 3466.392 3467.829 3469.189 3470.511 3472.098 3473.633 3474.928 3475.848 3476.798 3477.694 3478.621 3479.558 3480.651 3481.783 3483.084 3484.265 3485.75 3487.178 3488.061 3488.707 3489.281 3489.952 3490.782 3491.466 3492.333 3493.339 3494.112 3494.865 3495.811 3496.871 3497.91 3499.159 3500.324 3501.195 3502.109 3502.976 3503.435 3503.878 3504.278 3504.61 3504.689 3504.892 3505.101 3505.326 3505.603 3506.138 3506.868 3507.645 3508.56 3509.399 3509.798 3509.908 3510.065 3510.175 3510.263 3510.339 3510.303 3510.118 3510.028 3509.958 3510.007 3510.13 3510.284
3466.394 3467.671 3469.115 3470.42 3471.77 3473.094 3474.566 3475.532 3476.475 3477.454 3478.298 3478.944 3479.702 3480.741 3481.89 3483.306 3485.186 3486.664 3487.834 3488.617 3489.223 3489.821 3490.712 3491.869 3492.603 3493.558 3494.734 3495.566 3496.309 3497.246 3498.247 3499.266 3500.458 3501.541 3502.397 3503.227 3503.991 3504.337 3504.635 3504.99 3505.337 3505.663 3506.017 3506.271 3506.534 3506.928 3507.588 3508.37 3509.14 3509.915 3510.605 3510.78 3510.952 3511.107 3511.236 3511.436 3511.562 3511.501 3511.282 3511.185 3511.1 3511.134 3511.164 3511.297
3467.582 3468.994 3470.443 3471.746 3472.936 3474.19 3475.134 3476.095 3477.137 3478.107 3478.658 3479.221 3479.969 3480.991 3482.188 3484.018 3485.915 3487.282 3488.38 3489.163 3489.713 3490.326 3491.5 3492.68 3493.585 3494.753 3495.923 3496.628 3497.387 3498.362 3499.342 3500.191 3501.316 3502.398 3503.238 3504.05 3504.577 3504.931 3505.33 3505.701 3506.18 3506.62 3507.089 3507.442 3507.775 3508.27 3508.996 3509.772 3510.482 3511.238 3511.776 3511.967 3512.106 3512.256 3512.381 3512.568 3512.685 3512.617 3512.376 3511.97 3511.848 3511.763 3511.782 3511.812
3468.836 3470.203 3471.635 3472.894 3474.052 3474.837 3475.745 3476.745 3477.77 3478.574 3479.114 3479.667 3480.478 3481.633 3483.024 3484.832 3486.683 3487.901 3488.836 3489.657 3490.284 3491.01 3492.164 3493.499 3494.449 3495.629 3496.605 3497.345 3498.191 3499.207 3500.021 3500.878 3502.023 3502.995 3503.79 3504.456 3505.045 3505.487 3505.952 3506.441 3506.909 3507.59 3508.111 3508.538 3508.934 3509.49 3510.208 3510.952 3511.599 3512.19 3512.631 3512.934 3513.171 3513.319 3513.493 3513.594 3513.61 3513.52 3513.153 3512.633 3512.273 3512.125 3512.077 3512.096
3470.374 3471.602 3472.89 3473.931 3474.854 3475.79 3476.731 3477.646 3478.413 3479.155 3479.771 3480.446 3481.539 3482.804 3484.139 3485.716 3487.225 3488.385 3489.387 3490.3 3491.107 3492.008 3493.003 3494.263 3495.332 3496.266 3497.181 3497.955 3498.801 3499.95 3500.819 3501.586 3502.502 3503.43 3504.172 3504.993 3505.667 3506.239 3506.781 3507.469 3508.03 3508.712 3509.259 3509.667 3510.102 3510.585 3511.18 3511.815 3512.36 3512.864 3513.281 3513.627 3513.899 3514.191 3514.448 3514.565 3514.473 3514.239 3513.794 3513.099 3512.583 3512.355 3512.281 3512.298
3471.948 3473.031 3474.201 3474.909 3475.635 3476.571 3477.629 3478.482 3479.196 3479.852 3480.478 3481.22 3482.505 3483.914 3485.214 3486.498 3487.828 3488.958 3489.985 3490.881 3491.747 3492.812 3493.927 3494.972 3495.881 3496.875 3497.631 3498.393 3499.457 3500.428 3501.416 3502.125 3502.928 3503.759 3504.58 3505.511 3506.259 3506.92 3507.484 3508.175 3508.906 3509.538 3510.055 3510.541 3510.965 3511.398 3511.931 3512.432 3512.918 3513.378 3513.78 3514.059 3514.356 3514.698 3515.194 3515.388 3515.251 3514.911 3514.381 3513.66 3513.038 3512.62 3512.504 3512.492
3473.22 3474.252 3474.999 3475.683 3476.332 3477.273 3478.325 3478.981 3479.694 3480.465 3481.114 3482.065 3483.371 3484.768 3486.024 3487.118 3488.2 3489.323 3490.495 3491.401 3492.412 3493.483 3494.512 3495.424 3496.325 3497.186 3497.952 3498.979 3500.053 3500.973 3501.698 3502.388 3503.192 3504.143 3505.109 3505.956 3506.698 3507.391 3508.052 3508.706 3509.421 3510.014 3510.566 3511.102 3511.529 3511.947 3512.401 3512.895 3513.325 3513.78 3514.146 3514.433 3514.767 3515.274 3515.78 3515.959 3515.809 3515.331 3514.806 3514.19 3513.484 3513.045 3512.768 3512.75
3474.343 3474.953 3475.67 3476.393 3477.081 3478.043 3478.744 3479.388 3480.199 3480.999 3481.773 3482.725 3484.031 3485.404 3486.42 3487.484 3488.559 3489.626 3490.8 3491.935 3492.948 3493.844 3494.827 3495.764 3496.64 3497.497 3498.352 3499.389 3500.479 3501.233 3501.919 3502.672 3503.555 3504.734 3505.719 3506.499 3507.252 3508.005 3508.606 3509.244 3509.855 3510.419 3511.007 3511.549 3511.994 3512.404 3512.857 3513.323 3513.754 3514.199 3514.576 3514.927 3515.231 3515.751 3516.32 3516.497 3516.207 3515.694 3515.17 3514.825 3514.174 3513.588 3513.28 3513.137
3474.988 3475.646 3476.323 3477.095 3477.886 3478.602 3479.212 3479.817 3480.719 3481.599 3482.326 3483.218 3484.475 3485.647 3486.735 3487.76 3488.875 3490.029 3491.141 3492.256 3493.202 3494.005 3494.972 3495.992 3496.957 3497.86 3498.893 3499.916 3500.712 3501.466 3502.228 3503.047 3504.108 3505.482 3506.367 3507.199 3508.005 3508.726 3509.27 3509.809 3510.331 3510.895 3511.518 3512.048 3512.495 3512.911 3513.365 3513.832 3514.274 3514.739 3515.199 3515.511 3515.832 3516.432 3516.88 3516.973 3516.606 3515.938 3515.449 3515.121 3514.912 3514.526 3514.151 3513.876
3475.715 3476.45 3477.123 3477.831 3478.501 3479.108 3479.715 3480.487 3481.32 3482.12 3482.89 3483.722 3484.852 3486.008 3487.053 3488.074 3489.295 3490.371 3491.457 3492.471 3493.322 3494.125 3495.097 3496.255 3497.235 3498.265 3499.283 3500.132 3500.937 3501.757 3502.572 3503.466 3504.735 3505.992 3506.912 3507.94 3508.721 3509.375 3509.88 3510.297 3510.835 3511.407 3512.003 3512.54 3512.992 3513.417 3513.887 3514.376 3514.859 3515.365 3515.812 3516.121 3516.448 3516.865 3517.181 3517.185 3516.769 3516.077 3515.648 3515.644 3515.728 3515.271 3514.648 3514.109
3476.536 3477.285 3477.914 3478.555 3479.171 3479.76 3480.368 3481.192 3482.077 3482.728 3483.463 3484.351 3485.478 3486.576 3487.411 3488.448 3489.692 3490.787 3491.749 3492.666 3493.447 3494.195 3495.242 3496.444 3497.422 3498.441 3499.454 3500.298 3501.118 3501.945 3502.824 3503.736 3505.043 3506.313 3507.253 3508.337 3509.245 3509.81 3510.229 3510.658 3511.218 3511.885 3512.449 3512.989 3513.454 3513.884 3514.397 3514.909 3515.428 3515.943 3516.385 3516.656 3516.966 3517.202 3517.408 3517.32 3516.919 3516.238 3516.011 3516.081 3515.912 3515.535 3514.807 3513.539
3477.523 3478.027 3478.663 3479.307 3479.923 3480.539 3481.384 3482.209 3482.998 3483.664 3484.319 3485.062 3486.107 3486.967 3487.813 3489.111 3490.37 3491.191 3492.072 3492.882 3493.573 3494.331 3495.408 3496.599 3497.545 3498.566 3499.581 3500.422 3501.24 3502.153 3503.049 3503.928 3505.147 3506.458 3507.667 3508.714 3509.452 3509.981 3510.386 3510.833 3511.516 3512.239 3512.839 3513.447 3513.908 3514.398 3514.925 3515.506 3516.026 3516.535 3516.927 3517.19 3517.316 3517.51 3517.496 3517.401 3517.041 3516.757 3516.49 3515.985 3515.743 3515.24 3514.476 3512.528
3478.348 3478.826 3479.454 3480.129 3480.755 3481.536 3482.399 3483.201 3483.916 3484.607 3485.196 3485.88 3486.635 3487.469 3488.331 3489.729 3490.728 3491.443 3492.24 3493.05 3493.755 3494.558 3495.482 3496.612 3497.644 3498.67 3499.654 3500.485 3501.325 3502.31 3503.252 3504.142 3505.303 3506.674 3507.877 3508.819 3509.544 3510.01 3510.43 3510.95 3511.645 3512.356 3513.119 3513.737 3514.203 3514.707 3515.279 3515.86 3516.378 3516.858 3517.247 3517.47 3517.561 3517.607 3517.543 3517.423 3517.174 3516.876 3516.421 3515.767 3515.248 3514.781 3513.575 3511.779
3479.136 3479.658 3480.331 3480.98 3481.645 3482.516 3483.392 3484.136 3484.763 3485.283 3485.841 3486.477 3487.216 3488.111 3489.12 3490.259 3490.89 3491.587 3492.399 3493.222 3493.981 3494.796 3495.713 3496.534 3497.541 3498.715 3499.705 3500.53 3501.525 3502.543 3503.46 3504.333 3505.444 3506.78 3507.831 3508.775 3509.503 3510.039 3510.481 3511.031 3511.688 3512.319 3513.096 3513.779 3514.268 3514.778 3515.372 3515.953 3516.443 3516.917 3517.273 3517.483 3517.578 3517.614 3517.55 3517.253 3516.963 3516.579 3516.137 3515.484 3514.561 3513.752 3512.539 3510.811
3479.879 3480.592 3481.287 3481.956 3482.61 3483.423 3484.208 3484.89 3485.434 3485.95 3486.455 3487.067 3487.875 3488.801 3489.67 3490.516 3491.13 3491.748 3492.568 3493.508 3494.288 3495.044 3495.873 3496.699 3497.545 3498.654 3499.698 3500.595 3501.731 3502.816 3503.728 3504.517 3505.605 3506.629 3507.632 3508.524 3509.336 3510.039 3510.522 3511.064 3511.58 3512.194 3512.898 3513.582 3514.198 3514.747 3515.343 3515.909 3516.386 3516.776 3517.132 3517.348 3517.475 3517.52 3517.431 3517.132 3516.649 3516.229 3515.699 3514.868 3513.879 3512.639 3511.433 3510.234
3480.602 3481.315 3482.1 3482.781 3483.426 3484.124 3484.835 3485.39 3485.946 3486.517 3487.013 3487.557 3488.371 3489.313 3490.152 3490.777 3491.327 3491.953 3492.87 3493.82 3494.578 3495.305 3496.023 3496.828 3497.656 3498.493 3499.563 3500.785 3501.914 3502.99 3503.811 3504.595 3505.576 3506.587 3507.388 3508.308 3509.286 3509.983 3510.477 3511.006 3511.525 3512.048 3512.741 3513.421 3514.041 3514.639 3515.254 3515.812 3516.202 3516.591 3516.942 3517.158 3517.289 3517.39 3517.301 3516.977 3516.496 3515.935 3515.388 3514.463 3513.177 3511.999 3510.829 3509.642
